%%MatrixMarket matrix coordinate real general
66 1 28
1 1 .7108701222845744
2 1 .3761004490151955
3 1 -.14319755273258855
4 1 .32578509956128276
5 1 -.011307003891822211
6 1 -.03557674467953424
7 1 -.0030423209552010834
8 1 -.09959885821215726
10 1 .26158502372279047
11 1 -.012867605250349088
12 1 .07232661373954648
13 1 -.03292494383492052
14 1 -.029716463765104867
19 1 .06616988932423766
21 1 .005265608066948507
24 1 -.06077214071677411
26 1 -.05436169165087919
27 1 -.00964682813988803
32 1 -7.535469503884252
33 1 -.5227471650633218
34 1 -.192235690002123
39 1 -.05981124703622329
41 1 -.05183334225831072
42 1 .19034222016319483
49 1 .06817462793852687
50 1 -2.7777038886680483
52 1 .1710788470833144
55 1 -.6359826655528449
