%%MatrixMarket matrix coordinate real general
74 1 21
1 1 -.0568765951153658
2 1 .4379725308221335
4 1 .2118516465164572
5 1 .004858426695378306
6 1 -.00808917225030499
8 1 -.022572528200496832
9 1 .005198286537617919
10 1 .04359384774043917
12 1 .02431343727641291
13 1 -.006239082821661911
14 1 -.06525953476551129
24 1 -.015286983932700502
26 1 -.0011364438236664072
27 1 -.027960969616423997
34 1 -1.6008069195885117
35 1 -4.045996386801419
36 1 -1.6683941798507478
42 1 .02398206893686387
49 1 .0033559670398387318
52 1 .02188932750951938
58 1 .008300946104186587
