%%MatrixMarket matrix coordinate real general
66 1 50
1 1 4.567276020809087
2 1 .48276807494578766
3 1 -.06170096598556268
4 1 .14780210578064587
5 1 .0018959768738979269
6 1 -.0403596423396899
7 1 -.02337398755914918
8 1 -.09744017515853826
9 1 .003999128093690446
10 1 .1781937147773229
11 1 -.03664320922216768
12 1 .16955209411118918
13 1 -.18659571899236987
14 1 -.08039880998659482
16 1 -.07193565009278508
18 1 .03364281817588023
19 1 .011917140547376083
21 1 -.12143205828060259
24 1 -.1773999296717675
26 1 -.09608741347018836
27 1 -.05629175415947767
28 1 -.0713783144124696
29 1 .00831595958266851
30 1 -.07148596144305755
31 1 -2.490506384955119
32 1 -6.4518978513672
33 1 -.31806191416399626
34 1 -.027137533952382165
35 1 -1.165845155237974
36 1 -.62603618824412
38 1 1.9379558920605429
39 1 -.005882509280042611
40 1 -5.406682789008283
41 1 -6.343582606981277e-05
42 1 .22616572677615773
44 1 .20801663675920662
45 1 2.6328498137233556
47 1 -.06785880742245874
49 1 .1488688964636638
50 1 .011559974421510227
51 1 -3.148746056731688
52 1 .28052471277670404
53 1 -.858603729772286
54 1 -.7848664690615619
56 1 -.8724064627274621
58 1 .26500444291026515
60 1 -.0013001012746632838
63 1 .29733292812153833
65 1 .00034552844668951605
66 1 2.504840845708434
