%%MatrixMarket matrix coordinate real general
66 1 26
1 1 -3.260703233012645
2 1 .5099555622831833
3 1 -.017882219768116284
4 1 .27887566078653164
6 1 -.014877724471685881
8 1 -.0459911389906867
9 1 -.01697404868724357
10 1 .1097810197898034
11 1 -.004562115693592399
12 1 .205140104448235
13 1 -.023591469140767568
14 1 -.032037786844084155
16 1 .0022101794523428217
17 1 2.926584662167377
24 1 -.06272092724552655
27 1 -.11506882884185311
28 1 -.009602125961229781
30 1 .0021968551283298252
32 1 -1.3476293087617797
34 1 -2.167366256883194
36 1 -.5260508067052044
42 1 .07045192123427217
51 1 -1.9784224535246517
53 1 -.02588300118633135
58 1 .025471170610041265
60 1 -.4743763808062719
