%%MatrixMarket matrix coordinate real general
66 1 40
1 1 -2.544544920845329
2 1 .4486354541627886
3 1 -.056183116664246774
4 1 .20297825780763665
5 1 .004317866004250773
6 1 -.18775928364370925
8 1 -.2494453621538034
9 1 -.004911242010849952
10 1 .21386097092491366
11 1 -.021317992776297322
12 1 .12294910705037487
13 1 -.03295376654880792
14 1 .002796057752789935
17 1 4.3540601832882695
19 1 .08369125007959193
21 1 .013365104436108007
24 1 -.06840984162325782
26 1 -.01385303591051994
27 1 -.03807779091552645
28 1 -.015456615817860456
29 1 .0018746243035724461
31 1 -.38310466917256564
32 1 -2.3435117572852153
33 1 -.09350331602108689
34 1 -1.9489298497504002
35 1 .05064238730303414
36 1 .006998866746221528
39 1 -.07319271318177067
41 1 -.04860197289306819
42 1 .2519602004622624
49 1 .011134343609379755
50 1 -.825721871934015
51 1 -.42546906710664134
52 1 .09731382668750811
53 1 -.13025869239645693
54 1 -1.7703578688315547
55 1 -.002933526398329265
58 1 .08273824967632348
60 1 -1.763552852655291
66 1 .4171842628274766
