%%MatrixMarket matrix coordinate real general
74 1 26
1 1 -1.8573377742908317
2 1 .7790237500450972
3 1 -.013660155837133219
4 1 .09318269957296275
5 1 -.04223395728711971
6 1 -.028444049093028147
7 1 -.005945609234273717
8 1 -.13034826941174915
9 1 -.0005895173127191045
10 1 .08314104983050204
11 1 .0023712256944210426
12 1 -.08704313820192008
13 1 -.03159759620540764
14 1 -.01433496002839571
17 1 1.5484088555095608
21 1 -.13508192776901595
31 1 -1.1456132605620895
32 1 -1.220108376782786
33 1 -2.8935257115724546
35 1 .10610915607609164
36 1 .22757287072289653
37 1 1.161828479535211
40 1 1.4085288386959678
41 1 .05205970099060196
69 1 1.14449103614191
74 1 1.4656100596286945
