%%MatrixMarket matrix coordinate real general
74 1 27
1 1 2.5589167239382578
2 1 .45804783425612483
3 1 -.0004013230260250144
4 1 -.04348182773284967
5 1 .015718313314123888
6 1 -.06632604743382733
8 1 -.12461902122523164
9 1 -.0005080892461090238
10 1 -.022064727831905877
11 1 .003297128209082861
12 1 -.06410274616755275
13 1 4.106949356298769e-05
14 1 -.1131925282628087
16 1 .21243266780643386
17 1 1.1246832073402957
28 1 -5.929397563209298e-05
29 1 -.7589614759728555
30 1 .21104547227211037
31 1 -3.0627431053871375
32 1 -4.561801518835608
33 1 -1.0648768291616033
37 1 2.781578951171268
40 1 1.359338428730407
41 1 .0015295569319089843
57 1 -.002870226595613915
61 1 -.38075460815810724
66 1 .008257350418022905
