%%MatrixMarket matrix coordinate real general
74 1 32
1 1 -.051070474841494296
2 1 .6223082361408554
3 1 -.12251699220756639
4 1 .09818486651268986
5 1 -.03435315230555084
6 1 -.06429306721731037
7 1 -.04002172393045382
8 1 -.13682091112326872
9 1 -.018016453407943438
10 1 .10072624898386802
11 1 -.06276162804686536
12 1 -.11801135693459394
13 1 -.11077149033361802
14 1 -.14019121525575337
16 1 .10064178971038287
17 1 1.8257876286166554
21 1 -.17389456650873716
28 1 .015440433100450363
29 1 -.33146721288669834
30 1 .10001877508056632
31 1 -2.7819613286746274
32 1 -3.0302481440424223
33 1 -.5989774310298019
35 1 .14403890310034048
36 1 .2674585383312296
37 1 .5174845631564019
41 1 .08602673028341894
57 1 -.08750511384569608
61 1 -.21885453520804005
66 1 -.020896243190328116
69 1 1.620446067288895
74 1 2.790147103765978
