%%MatrixMarket matrix coordinate real general
74 1 30
1 1 -2.653474666748626
2 1 .6885193920034741
4 1 .15627626818634882
6 1 -.015603081403633435
7 1 .00013533559700585793
8 1 -.15038094741744218
9 1 -.012972372105490815
10 1 .07110314663428677
11 1 -.01129967837026363
12 1 -.03277056880262996
13 1 -.03353664466736601
14 1 -.04508746518775492
16 1 .08317520539897874
17 1 2.6064775324737472
21 1 -.015797991436266312
29 1 -.6692843800470504
30 1 .08308336203565439
31 1 -.541790956987039
32 1 -2.9921183853031734
33 1 -.10993513380158239
35 1 .016404957064605426
36 1 .063045129808432
37 1 .8487936480621109
41 1 .08571213458212594
48 1 3.1593187483605307
57 1 -.010549719286824634
61 1 -.2098660354048289
66 1 .01691865749489402
69 1 1.1912968462501246
70 1 -.43359080409423933
