%%MatrixMarket matrix coordinate real general
66 1 25
1 1 .5163526391988889
2 1 .44131522658537886
4 1 .04105895960938143
6 1 -.007172488768272507
7 1 -.014591836475947735
8 1 -.005798797613988527
9 1 -.001260477376711378
10 1 -.007390786318205744
12 1 -.024995197404899604
13 1 .036657618976320784
17 1 .9133575377261644
19 1 -.0019691575055559253
26 1 -.02051210112650237
27 1 -.007011020433442119
28 1 -.018742096780233235
31 1 -2.783718479820691
32 1 -4.951262006234307
33 1 -.41256347928485776
49 1 .12999768568738665
55 1 -.40336829660163526
61 1 .09443925927807405
62 1 -.04655177846906965
64 1 .9856513923391143
65 1 .012503535421330264
66 1 .009233973367698807
