%%MatrixMarket matrix coordinate real general
66 1 32
1 1 1.628588729506192
2 1 .20705663377310102
3 1 .04648971492816288
4 1 .21160723096854853
5 1 .0008351108883872989
6 1 -.04346624048306287
7 1 .0023979247476558826
8 1 -.04857757884795214
9 1 -.0019020862061235081
10 1 -.011089289473161757
11 1 -.002117955042144982
12 1 -.07886734505511375
13 1 .03785690797892931
14 1 .04380120686906439
16 1 -.011734230973573154
17 1 .044658660513574526
19 1 -.03819811084753141
27 1 -.007078048681861641
28 1 -.08043523623637544
30 1 .011689506030974451
31 1 -3.5396671626465968
32 1 -4.900166291718165
33 1 -.36616492419474195
38 1 -.07092990366128285
44 1 -.026818922314946123
49 1 .1881933435569025
60 1 -.6764823041834314
61 1 .6126903751316504
63 1 -.6239129273089022
64 1 3.794342498831742
65 1 .20116657169301821
66 1 .13394735848302056
