%%MatrixMarket matrix coordinate real general
66 1 25
1 1 -.5005585177497043
2 1 .4224782156075523
4 1 .24059074382753814
5 1 -.03288907595225661
6 1 -.0009609855340094543
7 1 -.005602716124230934
8 1 -.03179330042311271
9 1 .001929590696129797
10 1 .0401868779427584
11 1 -.001496791020513415
12 1 .01704144588834504
13 1 .03720497506896231
14 1 -.2126555228044158
16 1 -.026087951082559006
17 1 .4332540832113653
19 1 -.05073576776096301
28 1 -.009493424638568917
30 1 .025880329944332117
31 1 -.7466690605586732
32 1 -5.7127577514545065
33 1 -.5288833496705552
43 1 .022214884762048272
49 1 .019480450586204356
64 1 3.2249144895594988
66 1 .06825127622092611
