%%MatrixMarket matrix coordinate real general
66 1 26
1 1 .7934709641485824
2 1 .5213378304624975
4 1 .09628027874185857
6 1 -.041416772302742516
7 1 -.019423115831506767
8 1 -.07234853223332746
10 1 .00582938381432277
12 1 -.07349206241917014
13 1 .025501713068426825
17 1 .4947719905904533
26 1 -.05844192284033078
27 1 -.17479468416578753
28 1 -.04446209414487036
31 1 -3.0061259739842323
32 1 -4.873081259185794
33 1 -.1268269354419494
38 1 -.016364132513652815
44 1 -.004120189839106813
49 1 .9760046562669257
55 1 -.833078772222641
60 1 -.10809819835718756
61 1 .5127930250463865
62 1 -.2618029102605406
64 1 3.937273320132253
65 1 .03774470312073891
66 1 .04477001922959161
