%%MatrixMarket matrix coordinate real general
66 1 34
1 1 .9575156135344294
2 1 .29711429326706906
3 1 .058101005780509515
4 1 .2347691207130913
5 1 -.00014078674539161055
6 1 -.04855843325974632
7 1 -.0033920558393904223
8 1 -.05079603893815637
9 1 -.004980302321130308
10 1 .034385187164220885
11 1 -.0028425162191256354
12 1 -.09870738406546756
13 1 .08659561829000305
14 1 -.033907620183746476
16 1 -.005335116020831444
17 1 .1292712407382082
19 1 -.05973784012273763
26 1 -.06012935480454496
27 1 -.011453426537268463
28 1 -.09720425625101542
30 1 .0052847206597535805
31 1 -2.5891894227678702
32 1 -5.4220420914259755
33 1 -.0019016098553365991
38 1 -.17916685929522483
43 1 .012068677697415691
44 1 -.11631904168738158
49 1 .24172871027438705
60 1 -.5995391963083904
61 1 .9515311590303034
63 1 -.3770731962699411
64 1 3.171279829943519
65 1 .49348517445702367
66 1 .12837339056962535
