%%MatrixMarket matrix coordinate real general
66 1 37
1 1 -.4262199703187326
2 1 .4395827125553296
3 1 .06510682510836921
4 1 .199392260889514
5 1 .018192237399862705
6 1 -.02883463582920232
7 1 .004979123747977534
8 1 -.046215814327911706
9 1 -.03400496847902751
10 1 .03951755172362129
12 1 -.042409307998793035
13 1 .08658674638674706
14 1 .00979097444826769
17 1 1.665427401239837
19 1 -.008561464527507452
24 1 .2610136634362148
26 1 -.04310383190284057
28 1 -.11711971373511387
29 1 .010650211620397566
31 1 -3.298963337855465
32 1 -3.8548826988126597
33 1 -.6354667148886066
38 1 -.3682454429325549
41 1 .1284030464818688
43 1 .0001743454962768849
44 1 -.25423276117545246
46 1 .015318391999488383
49 1 .1625668643658868
52 1 1.1567640886596586
54 1 .006452830724619435
55 1 -2.3444766222383615
60 1 -.046189613034488514
61 1 1.744908214103718
62 1 -.4219547547862656
64 1 4.62035652106145
65 1 .7914295732690536
66 1 .11929491670746432
