%%MatrixMarket matrix coordinate real general
66 1 31
1 1 -.49632190689335687
2 1 .38819494617797085
3 1 .045950166655884056
4 1 .2735829165502509
6 1 -.002766439822900237
8 1 -.05171160406495522
10 1 .03415743752076664
12 1 -.009400596067914128
13 1 .05646171069513463
14 1 -.11643630126336783
16 1 -.030863977665228946
17 1 .6458147531469887
19 1 -.015983549854720905
24 1 .028696812713228218
26 1 -.0005006353056565978
27 1 -.042542070813664706
28 1 -.06461156032116144
30 1 .030727849765272017
31 1 -1.4966421433153483
32 1 -4.797090467208041
33 1 -.7698132673273691
38 1 -.08034565957650122
41 1 .010228456419923829
44 1 -.03171320540215167
48 1 1.9775071655298053
49 1 .3627613498059408
52 1 .6629956103847223
60 1 -.4511014379152803
64 1 3.9412521546567496
65 1 .28362504508283226
66 1 .16251719435371492
