%%MatrixMarket matrix coordinate real general
66 1 19
1 1 -2.0536102234833713
2 1 .26838192278549605
3 1 .007814180863230996
4 1 .30040182251966685
10 1 .044190694235355474
12 1 .06366135155337817
13 1 .034640638355510435
14 1 -.08227626613323712
16 1 -.0008426092406450956
17 1 .2896890290408255
19 1 -.07522295540759062
28 1 -.019183552180822135
30 1 .0008003579025895427
31 1 -.691950539858441
32 1 -4.779645824178495
33 1 -.007182665937813245
43 1 .00034659659640375046
64 1 .7896973183936676
66 1 .07601634531549392
