%%MatrixMarket matrix coordinate real general
81 1 45
1 1 2.534617895765055
2 1 .5065749901489899
3 1 .0009837555849989607
4 1 -.05181376217118826
5 1 .0015443597430756658
6 1 .0011224304561163413
8 1 -.043602578382932404
9 1 .10744495409986232
12 1 .21017725707613874
14 1 -.11236527459984778
16 1 -.048083779955201814
17 1 .12768922273882446
19 1 .03133024542233513
20 1 -.1242413175502924
22 1 .07174748897704682
26 1 .03665277120517779
28 1 -.1182361748468778
29 1 -.051838892414039904
30 1 .04800123781645606
31 1 -.05645116263563659
32 1 -2.469469823962425
33 1 -3.7705232453843713
34 1 -1.098089588538062
35 1 -2.7926427865963466
36 1 -.10186628664318516
39 1 .5504011423053075
40 1 -.03335344596569508
43 1 -.030539121667378263
44 1 -.03022321901277661
45 1 -.016810183020429602
53 1 2.2302917087466136
54 1 -.1013214677377764
60 1 -1.071329055029568
61 1 2.0393834710024112
62 1 1.2060012835420326
68 1 1.1298481041009694
70 1 -.11896896891277461
72 1 3.7191439186945585
73 1 -.012077638437712292
74 1 -.10917070698185426
75 1 -.08673100568171513
77 1 -.18633519401916807
79 1 -1.6346750418578242
80 1 -1.2133425809883818
81 1 5.342665375865365
