%%MatrixMarket matrix coordinate real general
81 1 29
1 1 .8604339796320808
2 1 .7078968617522784
3 1 -.01745794848242384
4 1 -.03988864630250423
6 1 -.018704312921315264
8 1 -1.0999439716998616e-05
10 1 .039071137869329246
11 1 .004947258089222113
12 1 .15365166910936667
13 1 .004488648045872812
14 1 -.05200975279818596
16 1 -.015117774188029849
17 1 .022375883892478368
28 1 -.03188023767477173
29 1 -.0008289813261515815
30 1 .01506166153015995
31 1 -.0069303675972018225
32 1 -4.650768237442381
33 1 -.0048517748194174485
34 1 -1.1980587878006772
35 1 -2.3075884521044157
36 1 -.25543652248512455
42 1 .16269542012327906
66 1 .06863105149143157
68 1 .5957505504652415
74 1 -.3862174795657513
77 1 -1.246493663223851
79 1 -.4010200569961519
81 1 4.126636575512186
