%%MatrixMarket matrix coordinate real general
81 1 35
1 1 1.4304547664546847
2 1 .433563805796468
4 1 .2020729128186013
6 1 -.05192262438603823
7 1 -.041108905277634444
8 1 -.030205243604973453
9 1 -3.700657862547743e-05
10 1 -.031243559382483754
11 1 .014816252144567185
12 1 .2208858701639318
14 1 -.06782539819131483
17 1 .03046448259307768
26 1 -.08895627291689051
27 1 -.2247289318268444
28 1 -.17110888249631453
29 1 -.018915605284399027
31 1 -1.8927534341010563
32 1 -4.866228496962413
33 1 -.009966540597759647
34 1 -.014132942143737927
35 1 -1.4095334832452426
36 1 -.3590490788836626
38 1 .22370459044145266
45 1 -.000706940174078529
53 1 .364175713099423
57 1 1.1242208528563533
58 1 1.1509123543361794
60 1 1.6802307203797047
61 1 .06255669208345113
68 1 2.1398693816810277
74 1 -.014525904676441355
77 1 -.41363684964938713
78 1 2.182616355073981
79 1 -.15986818226240807
81 1 1.6223564305456608
