%%MatrixMarket matrix coordinate real general
81 1 27
1 1 1.077002286874169
2 1 .6130289126578864
3 1 -.03929880592709445
4 1 -.018275257693714873
5 1 -.0017408600876488358
6 1 .0313472266841606
7 1 .007394768647411683
10 1 .11752273730048196
12 1 .11489631978868674
14 1 -.09903314581137725
16 1 -.010994072633121414
17 1 .0003368464273759197
20 1 -.28033054109806016
28 1 -.02580189304218841
29 1 -.016067057607056016
30 1 .0109548747203709
33 1 -5.403088070063502
34 1 -.4802803449553497
35 1 -2.528070383457563
39 1 .33807078334228463
53 1 .39841684007233874
61 1 .3542778400757483
62 1 .6242191105429109
63 1 .25208817103821446
64 1 .24809202828640603
67 1 -.026365343231875917
81 1 5.570762346365137
