%%MatrixMarket matrix coordinate real general
81 1 19
1 1 2.6117153335256607
2 1 .3468187474145081
4 1 .1414371426511769
6 1 -.001832611314156918
7 1 -.00884622045887927
8 1 -.000683647016130757
9 1 .00037110545025237216
10 1 -.040109815855748555
11 1 .001229272053593522
12 1 .2834141229611518
13 1 .009042547133576532
14 1 -.06504777600332846
26 1 -.0017464975905089161
28 1 -.013631514049327675
31 1 -2.7408034389125135
32 1 -3.0600829067620756
33 1 -3.210615413153859
35 1 -1.01855633141782
68 1 2.1474829815841274
