%%MatrixMarket matrix coordinate real general
81 1 28
1 1 -.5245054736052497
2 1 .7480311064386832
3 1 -.048451295997127795
4 1 -.021290355415548152
5 1 -.0027075883800209374
6 1 .07337133854967216
8 1 -.00034877560552523906
10 1 .021125341939830733
11 1 .001713118730054582
12 1 .12348238840835324
14 1 -.009253984872272084
16 1 -.01058703394142697
17 1 .23052734361310492
28 1 -.11719198369390361
29 1 -.0675488599297003
30 1 .010555399239706763
31 1 -.1374744375270471
32 1 -4.076747371761689
33 1 -.11015760905832743
34 1 -.8370193542018226
35 1 -1.4452695641192208
36 1 -.3532490034927986
53 1 .979060331005342
61 1 .7392551702553651
67 1 -.013810839932742043
77 1 -.0005991911137306525
79 1 -.006629495182895451
81 1 4.6027666913870275
