%%MatrixMarket matrix coordinate real general
69 1 23
1 1 .030238319653039802
2 1 .3334313628613664
3 1 -.04049281820616521
4 1 -.009956734009294891
6 1 -.015553324777668858
7 1 .00011879095647024989
8 1 -.03702228348651273
10 1 -.00042410433391754023
11 1 -.01895266435802369
12 1 .06487845650537048
14 1 -.15178868858994782
17 1 1.898274217023813
31 1 .07982926333396509
32 1 -.0881831937571525
33 1 .15574899230951675
34 1 .02175456919616461
35 1 .23857561233091096
36 1 -2.5704130203465394
37 1 -4.572503660837624
39 1 .0027767920751030264
50 1 -.005034281371309428
63 1 .2130550675625609
69 1 .3542870566815852
