%%MatrixMarket matrix coordinate real general
69 1 41
1 1 2.6142831473671544
2 1 .2626592345301771
3 1 -.00220411838490108
4 1 -.04959875410118054
6 1 -.04211881926065554
7 1 -.0012035272398202882
8 1 -.08407365211104136
9 1 -.013933492635716421
10 1 .029357234222046474
11 1 -.013291393263417974
12 1 -.0872486637034063
13 1 -.018158115134598234
14 1 -.1081744870604798
16 1 -.012684285859684733
17 1 1.5216263487332982
23 1 .015787447278035945
28 1 -2.93362921695015e-05
29 1 -.01662433137610308
30 1 .012629960738170463
31 1 .2185663960960122
32 1 -.16255988909893665
33 1 .2732459028397937
35 1 1.0858886197875344
36 1 -4.147703311450181
37 1 -4.768914238007277
38 1 -1.143773633434791
39 1 -.0005959936586634515
40 1 -.021581673020368095
42 1 -.03659479826081214
46 1 .09242139954356256
48 1 .04366285974782711
49 1 .03861071627497686
50 1 .013824828747941371
53 1 -.9234262173466036
55 1 -.014508138238420152
56 1 -.004810472159930182
57 1 -1.2078666124296131
61 1 .025769105324372082
64 1 -.18227460610655571
67 1 .02300957342470072
69 1 .767000759765125
