%%MatrixMarket matrix coordinate real general
69 1 42
1 1 1.6241211681249412
2 1 .3418763471420269
3 1 -.06985648255895126
4 1 -.04876904566609657
5 1 .0008257085990874929
6 1 -.15349565508708027
7 1 -.0016787301788048113
8 1 -.16966265231158542
9 1 -.06437136839457772
10 1 -.013224234069974259
11 1 -.031757098412603206
12 1 -.05822135399794933
13 1 -.007528675051369226
14 1 -.15195790557753902
16 1 .0015545040538392366
17 1 2.234687476266542
23 1 .0459694549476928
28 1 -.0022529816736203767
29 1 -.0001250536230252445
30 1 -.0015357093042480527
31 1 .19650993000509398
32 1 -.09971523823604593
33 1 .8410763522741122
34 1 .8592824562647698
35 1 1.2293443646446782
36 1 -1.7679529792739526
37 1 -6.214348298138275
38 1 -1.2701252432870924
39 1 .06856036928018251
40 1 -.04318405808156055
42 1 -.03543556321870226
43 1 -.014689502215196812
46 1 .04412455110492293
48 1 .04443870823120284
49 1 .014458646270998927
55 1 -.024879121787342827
57 1 -.7866786785766757
61 1 .0015984447646383187
63 1 .28195463487270145
67 1 -.025021485670808287
68 1 -2.9401074218427152
69 1 3.6121472706518416
