%%MatrixMarket matrix coordinate real general
69 1 35
1 1 2.576589138087055
2 1 .2855884107885811
3 1 -.06133940996921547
4 1 -.03163165886290363
5 1 .0007851200301937513
6 1 -.04132957848616621
7 1 -.000932010430029248
8 1 -.12070814143757605
9 1 .0014837100517655075
10 1 -.017242645298198505
12 1 .02059216558006511
13 1 -6.065981767462631e-06
14 1 -.17828462163214592
16 1 -.00588046518218824
17 1 1.4191556824675788
23 1 8.324975915022858e-05
29 1 -.002201429348024198
30 1 .0058538873526109885
31 1 .1069088379757033
32 1 -.18068312079117652
33 1 .4795145143665069
34 1 .5781752134065734
35 1 1.3209038232071073
36 1 -2.438886790482254
37 1 -5.225660575346934
38 1 -2.2248213865896957
39 1 .047540654973256116
40 1 -.005824647431331079
42 1 -.0027600218807449068
48 1 .005936394601753872
50 1 .0020115233630311224
55 1 -2.04452056454195
61 1 .0030097762530328434
67 1 -.015224146660471264
69 1 1.18700334747682
