%%MatrixMarket matrix coordinate real general
53 1 19
1 1 1.9515378624830113
2 1 .5652146764359095
3 1 -.031029604428110077
4 1 .08360119057116683
5 1 -1.8319410107026946e-05
8 1 -.03409579786252421
9 1 .0042860063121312126
10 1 .060792050831156526
11 1 -.006043135964197991
12 1 .07422521544208645
13 1 .0008333551328277263
14 1 -.15917353574880153
23 1 -.015908365284005865
25 1 -.006938392442635296
31 1 -4.07458895193348
33 1 -2.590824432028189
34 1 -2.5691777416578527
39 1 .01871048361347417
40 1 .0070204136629280715
