%%MatrixMarket matrix coordinate real general
53 1 33
1 1 2.345700857259926
2 1 .5777272802542478
3 1 -.01841049201041885
4 1 -.036816958590225046
5 1 -.004995906049999852
6 1 -.04777182611429451
8 1 -.12084091082094119
9 1 -.007360772215266313
10 1 .07901183575997395
11 1 -.014035551111854698
12 1 .013709423991694074
14 1 -.15761918100728914
16 1 .045449660254967834
17 1 .10548619655422405
21 1 .17032231201994644
23 1 -.13565569728464147
25 1 -.11747205823352756
28 1 -.011194317646576296
30 1 .045153902902410795
31 1 -4.768229306862424
32 1 -.4963236019486445
33 1 -2.7061495818137997
34 1 -1.6419714851685814
39 1 .11805861556491948
40 1 .09552749986773972
41 1 .09078295737752619
42 1 -.011330021127590148
43 1 1.15282129660353
45 1 .5668587361260412
48 1 -9.876217576159204e-05
49 1 -.034914095587921946
50 1 -.14078023485112615
53 1 .13374271643429922
