%%MatrixMarket matrix coordinate real general
53 1 27
1 1 5.137027389242983
2 1 .2950598791258924
3 1 -.0027455908406624724
4 1 .28189546649205466
7 1 -.04477039603315431
8 1 -.04296882636583717
10 1 .028898850912729746
11 1 -.06750403093724239
12 1 .06539644924880901
13 1 -.012036059154554331
14 1 -.21002472649592416
16 1 9.371135960884736e-05
21 1 .0056127932648400375
23 1 -.08189119781189239
25 1 -.10637662795936294
29 1 -.019854459225717727
30 1 9.283888341302846e-05
31 1 -6.7146634755224754
32 1 .029248401664292555
33 1 -3.214900426317613
34 1 -2.6555295699413404
39 1 .08896609877743984
40 1 .1052996831284549
41 1 .0782994803923911
43 1 1.3652400127514204
45 1 .8836142521216104
53 1 .08150872329137475
