%%MatrixMarket matrix coordinate real general
53 1 31
1 1 1.6877274986118804
2 1 .5128526570863456
4 1 .06206799373385719
5 1 -.029971815951521593
6 1 -.011583057516568582
8 1 -.05659308250184585
9 1 -.05812483225449851
10 1 .11555220463904178
11 1 -.01673023958434237
14 1 -.1466622595149454
16 1 .00894429896738131
17 1 .26600383452929177
19 1 -.06894940870214546
21 1 .030613612708808947
23 1 -.07424435236450787
25 1 -.06127913004744777
28 1 -.0011429439390146733
30 1 .00886927391617731
31 1 -4.189895309352362
32 1 -1.387922746829536
33 1 -1.9989235081502836
34 1 -.790477052537814
35 1 .14428700425607976
36 1 .1864584384238328
37 1 .22358003859111583
40 1 .03927259707633003
41 1 .0028112727197823254
42 1 -.0010875985077683408
43 1 .12915226675359665
45 1 .03537215479717012
53 1 .0005551029086646716
