%%MatrixMarket matrix coordinate real general
82 1 33
1 1 1.134335241229751
2 1 .34490534674069556
3 1 -.018014747523269058
4 1 .12451465140469307
5 1 .012722462771964772
6 1 -.010435485765823423
7 1 .016587547788211757
8 1 -.029169081756603234
9 1 -.04676696236752161
10 1 -.04464285192097183
11 1 -.005996312815820694
12 1 .06217067442915194
13 1 .0024674365156070162
14 1 -.017810430499679113
17 1 .33930707903022317
19 1 -.08659566726747521
21 1 -.01731293786454571
22 1 -.04920176678947751
27 1 .00807952878332049
31 1 -.06467051423584255
32 1 -.7266923675681289
33 1 -.016060274488180423
34 1 -.3457235975574458
35 1 -.0036391708352505837
37 1 -3.2115250147787013
38 1 -3.3233707067953424
39 1 -1.1070045482089708
41 1 .4648256278856025
63 1 .018892148811583107
65 1 -.020277521400081926
71 1 .28598831176290757
74 1 .17086697873858256
78 1 -.0748537191062758
