%%MatrixMarket matrix coordinate real general
82 1 36
1 1 1.9698922186815508
2 1 .5544397915359958
3 1 -.009391136337730695
4 1 .13989232587361194
5 1 .08639810668405981
6 1 -.054926345079313744
7 1 .08560140820222055
8 1 -.14164816477185777
9 1 -.0010936158644190904
10 1 .08588762316250151
11 1 -.0012683788755142346
12 1 .23977839872819837
13 1 -.005009794608630812
14 1 -.035535574706435535
19 1 -.17063378022398662
21 1 -.04212036219413754
22 1 .0038221909159848457
27 1 .013229830844355651
31 1 -4.11177487515086
32 1 -1.08441031747728
34 1 -1.230502748522263
36 1 -1.4677390909925834
37 1 -.6837938393299546
38 1 -.6236694398734979
39 1 -.40499764206434097
41 1 .8687566055669087
42 1 .012063461331937137
57 1 .4437015105179035
63 1 .00037316822717158146
67 1 -.3493061583896134
68 1 2.752698272919564
71 1 .2714442703099835
74 1 .218471968402154
76 1 .1010039592917148
80 1 -3.4316597851575734
81 1 1.1191383818463478
