%%MatrixMarket matrix coordinate real general
82 1 49
1 1 3.922737403418827
2 1 .3437665013662731
3 1 .010873134254167536
4 1 .25424362953390495
5 1 .09222230466937961
6 1 -.031892152139759274
7 1 .05592925944928342
8 1 -.11809450877637366
9 1 -.05440934590983252
10 1 .10349274608293853
11 1 -.017799609092350982
12 1 .2738565165050655
13 1 -.019952414691739716
14 1 -.10801425173840991
16 1 .05258556695404015
17 1 .008298084275448236
18 1 -.6256193260083032
19 1 -.23066692107752992
21 1 -.07634380351422694
22 1 .01731555083976695
25 1 -.028039293826884727
27 1 .06832110072327415
29 1 -.021079491585012308
30 1 -.05240359858464593
31 1 -1.4551055841474134
32 1 -.7866967002132793
33 1 -3.534910292141155
34 1 -.7905687450833131
35 1 -3.9361327647508464
37 1 -.255521865763105
38 1 -.6715574279482202
39 1 -.08955514637501913
41 1 1.9205504319890194
47 1 1.4036362276398493
48 1 .4567083720884543
50 1 .3927841283943581
52 1 .3387248369851853
53 1 .9936538962287229
54 1 2.450256838726519e-05
57 1 2.428552641837763
59 1 .0010172276664386836
61 1 .0015213813356547503
63 1 .07685297105579848
65 1 -.6545896713105512
66 1 -.5428747593768023
78 1 -.3603033309965177
79 1 .010699879250081779
80 1 -.2746862806375097
82 1 -.4403689740603807
