%%MatrixMarket matrix coordinate real general
82 1 25
1 1 .9504886484454778
2 1 .40392280487314813
4 1 .14434754896848895
5 1 .04525776901367539
6 1 -.01418552335681046
7 1 .03573829000477703
8 1 -.07309216347785862
10 1 .07488561058580442
11 1 -.0006493085902003113
12 1 .19754820072028328
13 1 -.00044149235398156567
14 1 -.029111293443592756
19 1 -.0008265395969746736
21 1 -.012808643939745363
27 1 .002263689431319004
29 1 -.0005478356675983687
31 1 -4.419313012757101
32 1 -.46439017836310675
34 1 -.15262372024256132
36 1 -1.5589313014927912
37 1 -.65125732983131
38 1 -1.1604808512144875
39 1 -.04936738697314024
41 1 .304194336106002
80 1 -.5616378364515657
