%%MatrixMarket matrix coordinate real general
82 1 49
1 1 1.6886424784609932
2 1 .5087108956358326
3 1 .007625057665365184
4 1 .20418580120976768
5 1 .06978929265120332
6 1 -.04810911901671425
7 1 .0641420263450376
8 1 -.030902612293799443
9 1 -.018704577102384993
10 1 .14567677779213944
11 1 .036089591562346895
12 1 .18312127991884042
13 1 .006790859973817108
14 1 -5.156238433197804e-05
16 1 .06966838793548152
18 1 -.6294833587355387
19 1 -.17811318055306063
20 1 -.7305807985257818
21 1 -.08676140865636635
22 1 -.13474304522340694
25 1 -.03436781112006545
29 1 .0006594514463823086
30 1 -.06950275950622353
31 1 -2.443642896862642
32 1 -.46426575300523093
33 1 -1.4748867237429966
34 1 -.9949519098026226
35 1 -3.1432772484298055
36 1 .0016373382891093499
37 1 -.30348180780273526
38 1 -.3386048729361424
39 1 -.15482037014933553
41 1 .14396348163555373
47 1 .6971862492664382
48 1 .43692147047529756
50 1 .2740740665441291
52 1 .17208722878316013
54 1 -.006924036431849354
58 1 .26636443871450927
59 1 -.155713100855933
60 1 .20363012145843604
61 1 -.07604896807002838
62 1 .0895419914488025
63 1 .09172091366648959
75 1 -1.9109132382169558
78 1 -.8847643728165011
79 1 .003015313476429333
80 1 -.7322333876493081
82 1 -.3853259414572925
