%%MatrixMarket matrix coordinate real general
82 1 41
1 1 1.1062405307664775
2 1 .5398478242218062
3 1 -.00029015714079445865
4 1 .1547360404896733
5 1 .0462426282797922
6 1 -.08088483423759997
7 1 .0376465219782978
8 1 -.0425796637234302
9 1 .010417779925399466
10 1 .13770227533184695
11 1 .03566974747866696
12 1 .09626974293343533
13 1 .005447328998868473
14 1 -.0013578447404437933
17 1 .2586685822031796
18 1 .04655876180884778
19 1 -.006810814297533094
21 1 -.06116391125262342
22 1 -.030153065294957176
31 1 -4.544598728135099
32 1 -.1657161634672415
33 1 .046983071255870736
34 1 -.4612948274909553
36 1 -1.7028616133577508
37 1 -.3700212715914731
38 1 -1.3357671584088076
39 1 -.43090384583318936
42 1 .01778509171740178
47 1 -.055798412194792424
48 1 -.0463397275820559
50 1 -.03848871964796652
52 1 -.03197143243383078
54 1 -.006775526292197567
55 1 -.0635260496046944
59 1 -.09474802954501538
61 1 -.05223028444417657
63 1 .0196736612429368
68 1 4.128446684953258
77 1 .15675252533489636
80 1 -1.9338489857227592
81 1 2.25851240385125
