%%MatrixMarket matrix coordinate real general
82 1 40
1 1 3.284825341794842
2 1 .4463839425871179
3 1 -.015631082441252844
4 1 .09985777544915678
5 1 .05007298575420788
6 1 -.03893611105761893
7 1 .0457327854506664
8 1 -.16162384629060614
9 1 -.0022284210356331947
10 1 .056697312717380134
11 1 .0012964257658763978
12 1 .18693449531541975
13 1 .02564922732789398
14 1 -.08016640378316854
17 1 .010068485691971234
19 1 -.03746396014334803
21 1 -.06163864070295874
22 1 .025595536579064097
23 1 -.08119222412440645
25 1 -.007272045529611762
31 1 -4.174570892149328
32 1 -.3166647492563981
34 1 .03745774015662016
35 1 .08722567725587527
36 1 -1.865392774315323
37 1 -.071258942686685
38 1 -4.611765309506687
39 1 -.001120248269890345
41 1 .48878424517600905
42 1 .5440976226189411
54 1 .015430185661395961
56 1 -.13172024485653588
59 1 -.02638402030113201
63 1 .00485959103605127
66 1 -.02664404217991083
68 1 2.401161613459233
79 1 .006521114755428377
80 1 -3.872453070296298
81 1 .738488711485039
82 1 -.6362249007216787
