%%MatrixMarket matrix coordinate real general
74 1 26
1 1 3.7649867090931037
2 1 .3556191110157544
4 1 .12566324487663255
5 1 .07935496444428929
7 1 .023678322964223175
8 1 -.01605395330151566
9 1 -.030151028085635304
12 1 .1329576552530603
13 1 -1.3242607212248322e-05
14 1 -.08634175104906676
19 1 .10946285042747059
23 1 -.0016368676172016654
26 1 .15018957155776225
31 1 -3.071582215319846
32 1 .03864194131007349
33 1 -.3491329773115102
34 1 -2.9817394991473
35 1 -.3604173192117681
36 1 -3.9745434548096727
37 1 .1049633783297357
38 1 -.6897281177007734
48 1 -.06798622104061987
51 1 -3.9190907276864246
59 1 -.8069216911693157
60 1 -.0033135700590080103
73 1 2.9654824043179535
