%%MatrixMarket matrix coordinate real general
74 1 47
1 1 4.172522027732486
2 1 .3477858556052866
3 1 -2.254469456366755e-05
4 1 .20763348000768658
5 1 .04904710793257716
6 1 -.03552208372717535
7 1 .007528517781222631
8 1 -.002143038701725232
9 1 -.04503980287482109
10 1 .07030707607239743
11 1 -.040246769902702685
12 1 .12237894566410301
13 1 -.016805835036060934
14 1 -.13776206692421494
18 1 -.06435726464639625
19 1 .14760257100643337
22 1 -.08005657717789945
23 1 -.001796434312820181
28 1 .0019212749117829238
31 1 -4.601931323973489
32 1 -.10887344929715888
33 1 -.23342129599647007
34 1 -2.1628645865858234
35 1 -.8684736893834986
37 1 .06959654540338449
38 1 -3.957777587468939
39 1 -.02422214295421721
41 1 -.0017366518705958314
43 1 -.009429354979775706
44 1 2.243447089600339e-05
45 1 1.7138234270494247e-05
46 1 .0006699931593231083
47 1 -.022114390140911613
48 1 -.11464139221951582
49 1 1.9962239198903755
50 1 -.030599071824034884
51 1 -1.213452087175667
52 1 .023648487748168058
55 1 2.604161558147971
56 1 1.1659106366827172
58 1 1.0864241794271439
59 1 -.8638343005853916
63 1 .5747188222710424
64 1 .3166080398567573
67 1 .6717752459706781
71 1 .0399502070034645
73 1 .9422174882951387
