%%MatrixMarket matrix coordinate real general
74 1 45
1 1 3.791031092879881
2 1 .3373677834265679
3 1 -.058957991040591476
4 1 .23543009211471227
5 1 .019449070412150236
6 1 .004652469570099768
7 1 .05241126725347253
8 1 .010218296235231721
9 1 .006887256091748788
10 1 .16470890131780788
11 1 -.00354125471067291
13 1 -.020047333537801713
14 1 -.08789683859003514
18 1 .0375589243187499
19 1 .07609425560471551
20 1 .002038462778269367
21 1 .05028151699291291
22 1 -.006248855942154768
23 1 -.02300284695409001
28 1 -.1401809991382221
29 1 .011471016977564363
31 1 -4.515175717337204
32 1 -.5958629310316789
33 1 -.10995357289537298
34 1 -4.34206323486268
35 1 .11708575843543015
36 1 -.22074298605329412
37 1 .1322080234365826
38 1 -1.930549967997008
39 1 -.10055886191054406
40 1 6.399571401175956
41 1 .19711393763008853
44 1 -.019708803109982454
45 1 -.016554762444491507
46 1 1.9901192870599214
47 1 -.1032968032906219
48 1 -.15078156024878422
49 1 2.465721207168992
50 1 .0003404155037975316
57 1 -.0644982774118351
58 1 1.380887096817584
67 1 .8486451621924688
68 1 -.19130989649860922
69 1 -.2054843248225414
71 1 .02518665076513294
