%%MatrixMarket matrix coordinate real general
74 1 22
1 1 2.8444488067251212
2 1 .3410051315661574
3 1 -.0010241456469055436
4 1 .23422687154568486
6 1 .002055947723774258
8 1 .001800476322062586
10 1 .06412819881208759
11 1 -.006674984336882519
12 1 .09714331616036327
14 1 -.18394001732965967
19 1 .009356069832633518
27 1 -.026451752490783336
28 1 -.027766913818698585
31 1 -2.4300480899260988
33 1 -.004609206850699026
34 1 -2.1180410941487553
36 1 -1.8242246366168313
37 1 .3080571887985742
38 1 -3.7416591994334665
41 1 .0626827842882043
48 1 -.027745325122537644
73 1 1.3912629874996667
