%%MatrixMarket matrix coordinate real general
74 1 30
1 1 2.421052596579976
2 1 .37654214781428136
3 1 .006217827983409376
4 1 .15027634871925066
5 1 .052085150005441276
6 1 -.008422891245108099
7 1 .08216141293752696
8 1 -.006022150565062328
9 1 -.0013237097724802314
10 1 .05944674245234465
12 1 .10899789956300869
14 1 -.06268681366868319
19 1 .03360136072787938
26 1 .13500000196061135
31 1 -5.597435150654362
32 1 -.1524914005653325
33 1 -.2768745669147404
34 1 -.5085143424505652
35 1 -.3052925330469357
36 1 -2.603257000631709
38 1 -1.2982742870797348
46 1 1.9995082769660557
48 1 -.03320216316745895
51 1 -2.6524849081201554
55 1 .04015325615557905
56 1 .009677019009898726
59 1 -.20239576509183466
63 1 .009677870674733361
64 1 .001818746743185008
73 1 3.566549985785491
