%%MatrixMarket matrix coordinate real general
74 1 46
1 1 6.279738437151386
2 1 .4212640101726181
4 1 .046067821621606816
5 1 .10721704705004638
6 1 -.04490717326699701
7 1 .10084327464167445
8 1 -.0781049978647598
9 1 -.0689005080159442
10 1 .09908316318827724
11 1 -.001016474818331232
12 1 .1910636526402068
13 1 .010465479832620715
14 1 -.0768541794284704
16 1 -.003409940507906827
19 1 .18873608299125275
22 1 -.47387631855959694
23 1 .006493801263308386
26 1 .4693940067966951
28 1 .03897895277489343
30 1 .003445958244985623
31 1 -4.495397233667298
32 1 -1.2605905412572496
33 1 -.521849959811644
34 1 -4.594451508241419
35 1 .025991920920870125
36 1 -.551362647333426
38 1 -2.468381885358157
39 1 -.2385923559858649
40 1 6.323646724750897
41 1 -.014070819362061306
42 1 -3.6366186161740024
43 1 -.00046723297603550675
46 1 1.3395064749410608
47 1 -.14291393375424746
48 1 -.17687543230804725
50 1 -.03916830370427597
51 1 -.4707000190712791
52 1 -.0002588868847118867
55 1 2.215080430261115
56 1 .3830075834748863
59 1 -.388044057622115
60 1 -.0334748277000489
63 1 .5564455502446858
64 1 .07381950852278349
69 1 -.012041448377642712
73 1 2.234143171265503
