%%MatrixMarket matrix coordinate real general
65 1 35
1 1 .23995063975794384
2 1 .5333445205444058
3 1 .025159490331793776
4 1 -.08293200275672595
5 1 .04444634567463959
6 1 -.07522445681997213
7 1 -.01744456720481381
8 1 -.13125055432025337
9 1 -.03856725564332588
10 1 -.025573289367517328
11 1 -.1288392854623217
12 1 .10156941658260271
13 1 .10322742956926881
14 1 -.18061277212320404
16 1 -.04803470212142371
17 1 2.3882159908860925
19 1 -.06306485862982497
20 1 -.40565817957125677
21 1 -.09292500465507489
22 1 .13969417940585716
27 1 .17469182215867998
29 1 .04760082545845741
31 1 -2.4856387167755334
32 1 -3.5072206854467645
33 1 -.5317639578227837
37 1 -.022751925808228664
38 1 -.2995212259587057
39 1 -.10845339969556429
46 1 .021088782318306385
48 1 -.16750540063661928
52 1 -.1300582005272231
53 1 .17547771899204848
62 1 -.17867576418390096
63 1 .014651963562496182
65 1 1.9597647897423207
