%%MatrixMarket matrix coordinate real general
65 1 34
1 1 -4.096886684573116
2 1 .47168515266712535
3 1 .08233664111996701
4 1 -.009588280132625929
5 1 .00774836896478532
6 1 -.029057940484652253
7 1 -.023078363850249736
8 1 -.10617205632374171
9 1 -.07431253220402175
10 1 -.006895937909313292
11 1 -.016046410818334224
12 1 .2255878126580312
13 1 .0813405088459936
14 1 -.04721133285939049
16 1 -.1023816618906779
17 1 6.643051525449944
20 1 -.9838167860989058
21 1 -.06859849691911099
22 1 .008112545495598112
27 1 .02913034544701903
29 1 .10111347285736873
31 1 -1.852010833548409
36 1 .03491188861913746
37 1 -.0029091126057303337
38 1 -.195604165401888
39 1 -.0932093799879511
48 1 -.026977557625093983
53 1 .1808687990079299
56 1 -.029491044110622762
57 1 -.573233139847988
58 1 -.38476862114311444
61 1 -1.859661245351269
62 1 -.03937129083886551
64 1 -.9192244727980294
