%%MatrixMarket matrix coordinate real general
65 1 27
1 1 -1.250564535707249
2 1 .5895015301119937
3 1 2.013473017247032e-05
4 1 .03596589967850217
6 1 -.01493692024249994
7 1 -.007843338371338555
8 1 -.07218163976109109
9 1 -.018964723665973234
10 1 -.001690766253970521
11 1 -.00028584943985242154
12 1 .1235679196648357
13 1 .03820549303157739
14 1 -.11422315124739116
17 1 1.2604284146773497
21 1 -.002223070484892522
22 1 .013572571964808716
27 1 .06001732200659151
31 1 -1.5188742092244496
32 1 -3.3882649687279485
33 1 -.5152183706645965
38 1 -.07623972440921195
39 1 -.0018745773601746578
46 1 6.986692594435164e-05
48 1 -.057618348592213965
52 1 -.003398401400698125
53 1 .03362106502622321
62 1 -.10930174374257619
