%%MatrixMarket matrix coordinate real general
65 1 32
1 1 -3.832288004376939
2 1 .2948533582772903
3 1 .009034179720050129
4 1 -.004734098959730417
5 1 .03324017129675613
8 1 -.015407833674014042
10 1 .012094738730651424
11 1 -.012891537675471146
12 1 .15258136758317012
13 1 .08665290448203764
14 1 -.031789286248692115
16 1 -.06152577240382079
17 1 6.28669408707644
20 1 -.3554918825582024
21 1 -.0015591195387531327
22 1 .0019923023292152506
27 1 .07198076862283293
29 1 .06089324495914847
31 1 -2.6746395759684267
32 1 -.04732833146725064
33 1 -.004277143785005092
38 1 -.12462227330112483
39 1 -.054199580633252066
48 1 -.06961011318167995
52 1 -.07837437037401894
53 1 .051310305154488985
56 1 -.0047081239357568624
57 1 -1.005359208014823
58 1 -.5240311363747547
61 1 -.6645067882113236
62 1 -.10181214639697236
64 1 -.38537982658832637
