%%MatrixMarket matrix coordinate real general
65 1 36
1 1 -1.2928708453919908
2 1 .5442248215460361
3 1 .05843028739720327
4 1 .08892549189766053
6 1 -.04414677650586121
7 1 -.02513253541735001
8 1 -.11564927746210489
9 1 -.025695128508125942
10 1 .07677305455240233
11 1 .0081112841833836
12 1 -.028294697833791176
13 1 .032271122993313146
14 1 .11956043341718481
16 1 -.04901386231273524
17 1 3.925325112599047
20 1 -.9166156378952128
21 1 -.10961126927217633
22 1 .04702727933966655
25 1 .01723329103836857
27 1 4.492250762394063e-05
29 1 .04876465743995268
31 1 -2.2401199811019215
32 1 -.7271295628822105
33 1 -2.2405987274100823
37 1 -.011369872696306288
38 1 -.09595172966381621
39 1 -.04316342489179476
46 1 .025980780304824213
52 1 .0016202179929453511
53 1 .17070186029956969
57 1 -1.5861980415367414
58 1 -1.1344090724895943
61 1 -1.250806329984483
62 1 -.0961912284822164
64 1 -.734957201769454
65 1 .00015656529877042954
