%%MatrixMarket matrix coordinate real general
65 1 39
1 1 -3.8679482539405403
2 1 .5140334480883138
3 1 7.823878051666567e-05
4 1 .03463911562443356
5 1 .08270145839119632
6 1 -.018534868592230067
7 1 .0017506772315036977
8 1 -.11178033301616182
9 1 -.005068000953710301
10 1 .01244748672535252
11 1 -.030359633596743478
12 1 .1717974585507081
13 1 .08252648633957804
14 1 -.10971492490628425
16 1 -.1134504215564296
17 1 5.909939796331001
20 1 -1.742430300057881
21 1 -.07143218100426223
22 1 .11133685173029668
25 1 .027326970111477413
27 1 .06448576819011329
29 1 .11272191801426812
31 1 -1.3716695598506825
32 1 -.0998193197660037
33 1 -.0013048837284574688
36 1 1.523005561037916
37 1 -.01836623201494474
38 1 -.0788335469373501
39 1 -.10357597582015877
48 1 -.06226860233271457
52 1 -.06323292535105736
53 1 .15778445674625674
56 1 -.0018228502585064944
57 1 -1.009174643246342
58 1 -.5057889517839008
61 1 -.4036319547492571
62 1 -.18890581894850011
64 1 -.23417396829242645
65 1 1.3102580335416831
