%%MatrixMarket matrix coordinate real general
65 1 32
1 1 1.492096086488532
2 1 .5135622712951806
4 1 -.02671811734481319
5 1 .016272603534679023
6 1 -.040746147577832556
7 1 -.012542447001076248
8 1 -.1085989870561707
10 1 .004767006306661183
11 1 -.028100316443967703
12 1 -.08566261868516101
13 1 .01118568812994525
14 1 -.054298546344330685
17 1 .49980003695883185
19 1 -.013749676967874543
20 1 -.09150129378352521
21 1 -.08935076857615026
22 1 .058196231511906185
25 1 .015080578052949798
27 1 .06983293878648263
31 1 -1.3716920463897069
32 1 -1.6937909326316647
33 1 -5.3430709907614835
37 1 -.007826224705473813
38 1 -.10352635780250127
39 1 -.02772937252420241
46 1 .09864781779676288
48 1 -.06753950649222619
52 1 -.05317212726790151
53 1 .11307513626646265
62 1 -.21224663610238798
63 1 .03411696832934395
65 1 2.7640922107490495
