%%MatrixMarket matrix coordinate real general
67 1 42
1 1 3.7078367995360813
2 1 .12057311827916453
3 1 .003211932190735153
4 1 .23587812893225246
5 1 .03763962134289388
6 1 -.012080632912733267
7 1 .003912496444151323
8 1 -.04070747873043153
9 1 -.12145832388789626
10 1 .13112548004940677
11 1 .05075689316107554
12 1 .09331267279010484
13 1 .20161311544970278
14 1 -.10048393348825639
17 1 .4525430397277462
18 1 .5460845861151102
21 1 -.17743012317758947
23 1 -.06922929728502837
25 1 -.13696727748598533
27 1 -1.2529795253275706
31 1 -5.471946467125221
32 1 -.09830816780561526
33 1 -1.0467287535462053
34 1 -2.2964691058980597
35 1 -1.0457770790030025
38 1 .08883885219802548
39 1 3.814476575248704
40 1 .1077625694336881
41 1 .07646417058516361
42 1 1.381048969664666
43 1 2.2979966990414993
44 1 .7225108975209001
46 1 -.9704980460375264
47 1 -.6964130430272714
48 1 -.19920347226733098
51 1 -3.26239668965038
56 1 2.4097396191793856
59 1 .5204180137510682
62 1 .2468072221485638
64 1 .14814226819804815
66 1 -2.7130138281639176
67 1 3.0650380701233892
