%%MatrixMarket matrix coordinate real general
67 1 31
1 1 6.034211139667872
2 1 .3545068142380804
3 1 .007756638662786878
4 1 .10467694267387079
6 1 -.09709668483110315
7 1 .0022737331241918317
8 1 -.12925826923907788
9 1 .004577549977041051
10 1 .08682576838280391
11 1 .04891032462233903
12 1 .21214774871650444
13 1 .08607195846216996
14 1 -.14533156717251616
16 1 -.041594441108014135
21 1 -.0002997407271255026
23 1 .007843391111834856
25 1 -.045605842080272706
27 1 -.5203048723066674
30 1 .0413966267719617
31 1 -6.598883639321975
32 1 -6.2477060191429326
35 1 -.11022399153226535
37 1 1.5546517156963509
38 1 -.0025359805215024026
51 1 -.6473041244435425
56 1 1.759565481534481
59 1 .15410631480649326
60 1 -.024676306587333226
62 1 .5118766704282811
64 1 .3371718457699074
67 1 1.9283665184517444
