%%MatrixMarket matrix coordinate real general
67 1 33
1 1 5.119686195142798
2 1 .2191762104648119
3 1 .013776309793298339
4 1 .1171629511615109
5 1 .022892309430343854
6 1 -.0967859335752928
7 1 .00362062332424355
8 1 -.09165234116822008
9 1 -.039872299619418225
10 1 -.00877745136089451
11 1 .016812931240003798
12 1 .13124592082309108
13 1 .21884151657420384
14 1 -.1476328902917161
17 1 .3403033378182727
18 1 .32011523017863097
20 1 .2609798976736749
21 1 -.0717455333447393
22 1 .1296072165554639
25 1 -.3637952627386727
27 1 -1.8181839178541868
31 1 -6.072001943459132
32 1 -.23480471322833465
33 1 -.805047513658337
34 1 -4.101182315406075
35 1 .001026114115774774
38 1 .00036216173351031147
40 1 .0008065172168459302
46 1 -.3156575598399499
47 1 -.2665936188030065
59 1 .6561192120119354
66 1 -.39575848383769574
67 1 4.627362802041087
