%%MatrixMarket matrix coordinate real general
67 1 40
1 1 3.1333842713212023
2 1 .23928545227048081
3 1 .033383450698508954
4 1 .07000128354922593
5 1 -.05165458952107975
8 1 -.06512309276121307
9 1 -.012387962171605035
10 1 -.018244025079892732
11 1 .06346104026542089
12 1 .17510212117326904
13 1 .17125646199390973
14 1 -.14911371865628356
16 1 -9.223515711962004e-06
17 1 1.2279344628628566
18 1 .15421377454297674
21 1 -.11631868162418227
25 1 -.10349261082840354
27 1 -1.011262803224171
28 1 -.01752357682469185
30 1 1.7162612549751295e-05
31 1 -4.1790561644616915
32 1 -.8972383832706776
33 1 -1.6571902575400124
34 1 -.22384875864751755
35 1 -2.3081736645999107
39 1 3.2513342030253036
41 1 .013666828616427856
42 1 1.9814611470547219
43 1 1.416112675740592
44 1 1.0453204209720974
46 1 -.1720788122684432
47 1 -.13405596579527657
51 1 -2.3187784501419504
56 1 3.6327070350824076
59 1 .3637615655295867
60 1 -.007900887474276455
62 1 2.2851186374367276
64 1 .8359361369261654
66 1 -2.403718421951087
67 1 3.2412578591566272
