%%MatrixMarket matrix coordinate real general
67 1 31
1 1 3.7625309808871723
2 1 .21920594699548898
3 1 -.01876112036540425
4 1 .09840448738446489
5 1 -.008268048697026005
7 1 -.0027303213872780204
8 1 -.0988707916563925
9 1 -.0001595000649985254
10 1 .17991105017311834
12 1 .010978383322198606
13 1 .02470860737075224
14 1 -.04852672050770461
16 1 -.005561506768991348
21 1 -.09380755986488379
30 1 .005521868537574065
31 1 -4.953275080443354
32 1 -5.936068605492064
34 1 -.006755954099840293
35 1 -.0048546166637150005
36 1 .7874493324275391
37 1 .5231997827105681
38 1 .0006522746956030175
41 1 .051525206681396596
42 1 .5417722096292678
43 1 .3725198204365651
44 1 .2123835456219283
45 1 .19635872539183047
54 1 .1988452917602673
56 1 1.2723465590159815
62 1 .6847110265728166
64 1 .06844586093105039
