%%MatrixMarket matrix coordinate real general
67 1 23
1 1 -1.093907743357879
2 1 .2624835153810348
3 1 -.042550143719906126
4 1 .25195225914240943
5 1 -.00011055823746785695
6 1 .024266588055733125
7 1 -.024459000764354342
8 1 -.024352089761255077
9 1 -.028432645006349986
10 1 .09125503289099846
11 1 .009318451322189626
12 1 .058058291652725476
13 1 .10246615824159457
14 1 -.04206536680527221
21 1 -.03830584021381622
23 1 -.03611601225899472
27 1 -.05856764768441173
31 1 -2.6741605009972593
33 1 -1.3377769196185867
34 1 -1.4445987274575343
38 1 .04325759872720351
41 1 .020610488761752022
59 1 .02141029559601772
