%%MatrixMarket matrix coordinate real general
67 1 21
1 1 2.82399495422099
2 1 .3497374223731044
3 1 .007284819069412836
4 1 .232880830659262
6 1 -.0925859663083618
8 1 -.08629825545979647
10 1 .2080326645757887
11 1 .047355933380799096
12 1 -.07477974991010356
13 1 .07868590809992561
14 1 -.03171557405875885
21 1 -.005446398826140036
25 1 -.034880393225259015
27 1 -.23057885102713627
31 1 -3.589218228148319
32 1 -5.6968247180061224
34 1 -.3315229073511754
35 1 .04854923196699929
38 1 .0003874053203734356
56 1 1.7154323111788905
59 1 .06478453673574097
