%%MatrixMarket matrix coordinate real general
67 1 39
1 1 2.9063282849753573
2 1 .2264731926796025
3 1 -.021306113795312418
4 1 .11708405860312239
5 1 9.869950868691538e-05
6 1 -.031786308548396924
7 1 -.01642805486719942
8 1 -.09239919024833801
9 1 -.02763595266853188
10 1 .06081995472216433
11 1 .007050832701212335
12 1 .2444365908404833
13 1 .19079430551698512
14 1 -.14597610639092853
16 1 -.03523574344488908
17 1 .22407085546860625
21 1 -.13553659758891984
25 1 -.05254835399542929
27 1 -.7919936793374083
30 1 .03501769492214713
31 1 -5.43427996575631
32 1 -.18664174067593992
33 1 -1.0178309779057964
34 1 -.2903160819487152
35 1 -2.3211956487879792
36 1 .5934182874199508
38 1 .0016009949928467893
41 1 .041454222186132865
42 1 .35599885278636473
43 1 .3362143087644886
44 1 .1396569441286242
45 1 .18869103907386553
51 1 -.00762086297081063
59 1 .23149365786290388
60 1 -.021131400230449463
62 1 .617637555582985
64 1 .4589935365886437
66 1 -3.6696612626564415
67 1 .7331595086365195
