%%MatrixMarket matrix coordinate real general
56 1 32
1 1 -.7922766326885586
2 1 .5570557194511984
3 1 .00746455013869761
4 1 .00407667015170776
6 1 -.056553067226681755
7 1 1.440505142440377e-05
8 1 -.13914041394121196
9 1 -.04191298741147951
10 1 -.08545456190916373
11 1 .06354087886041304
12 1 .026645530461944237
13 1 .04433598948086576
14 1 -.13381963160870236
16 1 -.018926973011441577
17 1 2.508730983302962
19 1 -.12491043596654557
21 1 -.1142018645782394
27 1 -1.3650300204629618e-05
29 1 .018796726274847336
31 1 -6.343770867770194
33 1 .08743638878744733
35 1 .08548231897259143
36 1 -.017395778322727134
42 1 .1121570799140221
43 1 .03809800848262752
46 1 2.3099974765593028
48 1 -.006963830232307141
52 1 -.01721783625143885
53 1 -.05762440790604289
54 1 -1.6671992538384222
55 1 .09427277210032552
56 1 -.06674428484332866
