%%MatrixMarket matrix coordinate real general
56 1 24
1 1 -1.6973843809256444
2 1 .4751258634554046
3 1 .0014753734989785073
4 1 .003664404118354738
5 1 .00632559653751952
6 1 -.01897719425800311
7 1 .002843232938508553
8 1 -.06641644846840941
9 1 -.013865733897805259
10 1 -.1347920437538174
12 1 .04035799816034421
14 1 -.09612319328409595
16 1 -.0051744041851029265
17 1 3.3191248105244338
19 1 -.010813809758269543
21 1 -.015533385489831705
29 1 .0051693299806050245
31 1 -5.524728844190542
33 1 .011658532707740386
35 1 .015684181442292458
43 1 .017825435994676307
46 1 2.6808114064498048
47 1 .012042277242649184
52 1 -.004770418338640549
