%%MatrixMarket matrix coordinate real general
73 1 26
1 1 .3352969744395118
2 1 .6245358291482872
3 1 -.00181072292476617
4 1 .18952148259264176
5 1 -.0014303146303148463
6 1 -.012563196235700066
7 1 -4.663130813769622e-06
8 1 -.015105332663681966
9 1 -.003374036125370342
10 1 .1655145839965237
12 1 .007905640580978885
13 1 .046615874392678384
14 1 -.1213051077105211
17 1 .21606324393909104
21 1 -.02694456203943659
31 1 -4.1876575669280225
33 1 -3.169844431617293
34 1 -1.837274164562608
36 1 .0006759001082041184
38 1 .08143806612963814
39 1 .01619752597948964
50 1 -.010672620798395325
58 1 -2.1348691412392222
60 1 -.006961479678203412
62 1 .7023931151409367
63 1 .05867171010044945
