%%MatrixMarket matrix coordinate real general
73 1 28
1 1 2.0042951926144497
2 1 .5774351727300837
3 1 -.009778253775744246
4 1 -.004999934125501703
5 1 .01482757590900805
6 1 -.009091261800236856
7 1 .03250976955920799
8 1 -.04417610250425011
9 1 -.00017136960932429877
10 1 -.0011010804931867724
12 1 .10997978397798744
13 1 .07352971226761812
14 1 -.12198347088890553
19 1 -.046045239296822985
21 1 -.012121350731344155
29 1 .06310182836230555
31 1 -3.6885371443558435
32 1 -.5288698777233821
33 1 -1.424822220265869
34 1 -3.6894704668162555
36 1 .11674148187437454
38 1 .08416329060286261
50 1 -.04151762277163141
58 1 -1.730643060494232
60 1 -1.344644104520687
62 1 .5336071877470066
63 1 .29127602366807864
69 1 1.3025122595806655
