%%MatrixMarket matrix coordinate real general
73 1 41
1 1 2.2129323726279297
2 1 .6899159208929065
3 1 -.0019737018516369277
4 1 -.02682562420281521
5 1 .02149954754971161
6 1 -.024372696766446676
7 1 .013745495989762617
8 1 -.04673195511405718
9 1 8.839149230653323e-06
10 1 .011372882977212681
12 1 .11282081649024146
13 1 .19187203895363641
14 1 -.07685804406094153
16 1 .027548364986662625
17 1 .01288323801162013
19 1 -.09129445890366263
21 1 -.003981417807798395
23 1 .026294935393159895
27 1 .11582034853211834
28 1 -.01077809924352744
29 1 .0038476623996472037
30 1 -.0274553613709155
31 1 -2.704942161070234
32 1 -2.333253998019543
33 1 -2.9981205644309687
34 1 -2.071297992548607
36 1 .06795827535981691
52 1 -.10062596677867362
58 1 -1.5100699990710154
59 1 -.0416114592671693
60 1 -1.3876152155474097
61 1 -.026564890678337307
62 1 .4797897579334862
63 1 1.124974017539624
64 1 -.08794283119462429
65 1 .6114280465638819
67 1 2.3181058246271493
68 1 -1.26700730842448
69 1 .3692616709394393
71 1 -.17495556695101896
73 1 .007901113415921405
