%%MatrixMarket matrix coordinate real general
73 1 46
1 1 .8021140954370187
2 1 .661666487104912
3 1 -.009731667217842759
4 1 .3178522865505504
5 1 -.00908867392936029
6 1 -.018165093986163807
7 1 -.0010754785222574794
8 1 -.03527701861472049
9 1 -.026874228334176128
10 1 .09504443277235049
11 1 .0020989471783683564
12 1 .11162968949319288
13 1 .02231720240116759
14 1 -.09657961749968393
16 1 .001996768475308855
17 1 .06497609639600108
19 1 -.012495636754002955
21 1 -.008786909283428134
23 1 -.01901244086730372
25 1 -.043052065886506674
27 1 .08188407299928045
28 1 -.07532041517503604
29 1 .004645665220567861
30 1 -.001973014438327839
31 1 -2.1665185920001897
32 1 -.9862700270291415
33 1 -2.7421090864943745
34 1 -2.928649491991183
36 1 .07939261721081002
38 1 .1092516921673412
39 1 .04810634438691305
40 1 -.00854318576190116
41 1 -.19147650006515735
50 1 -.24827195380665174
52 1 -.07801946780908405
58 1 -1.1294857892077372
59 1 .016510164497393297
60 1 -2.5058047714934233
62 1 2.10697341100424
63 1 .2955566634055333
64 1 -.07268763667118519
65 1 2.2988284102610175
67 1 2.7232552543161437
68 1 -1.2898607611066097
70 1 .07324109919318023
71 1 -.44887778315120647
