%%MatrixMarket matrix coordinate real general
66 1 24
1 1 -.37162232397391115
2 1 .624956104436341
4 1 .03478584983456549
5 1 -.001622031657461688
6 1 .09109699708080356
7 1 -.0009536234743427929
9 1 -.0012487365010454836
10 1 .035185798678595316
11 1 -3.8045979487058556e-06
12 1 .15393661454484228
14 1 -.0720652230446844
19 1 -.015453555194033249
21 1 -.04003651935271399
27 1 .02559639245170635
31 1 -2.9313003527728316
33 1 -1.307578874961959
34 1 -2.749691436784606
37 1 -.00036245803257935015
40 1 .04110265476767112
46 1 .05262379914610806
48 1 .16216078684872176
49 1 -.00708752242206996
55 1 .04695770217317641
56 1 -.0005768991728055078
