%%MatrixMarket matrix coordinate real general
66 1 25
1 1 1.383090857962566
2 1 .34091365327534456
3 1 .0052639632139596885
6 1 .07309812506493663
7 1 -.0007067601018010887
9 1 -.001658957635032469
10 1 -.015913089600151604
12 1 -.05734646110918008
14 1 -.07807380118077441
16 1 .07624386024516082
19 1 -.04197099738195892
21 1 -.035626731607249745
23 1 -.028096251312153014
27 1 .05128371376053538
30 1 -.07580272103250117
33 1 -5.569155473256013
34 1 -2.882721510206312
35 1 -.016636248193456316
37 1 -.0055151011956723365
40 1 .019786320134534068
46 1 .04835920081878911
48 1 .13076528033150023
49 1 -.011444355447437137
55 1 .035339736842542886
56 1 -.022873630736202282
