%%MatrixMarket matrix coordinate real general
75 1 27
1 1 -.4670839488220526
2 1 .6884095406161321
3 1 -.015389773782139656
4 1 -.0519026926388763
6 1 -.010110215297644429
7 1 -.03135383905115964
8 1 -.069856715315063
9 1 .0022511259346335573
10 1 .11952068390662451
12 1 -.0013263321984340575
13 1 .06080756104684918
17 1 .8029520361746354
21 1 .07716729207640595
25 1 -.07967595746035112
28 1 .00760756868092272
31 1 -.24001189993373725
32 1 -2.270724023361972
33 1 -3.0583958506843114
34 1 -.5358080599262095
35 1 -.7173033013236085
36 1 .03882424748034374
39 1 -.07290689408919403
42 1 .29450692493597663
43 1 -.051531836108598655
64 1 -.0012701763930763063
68 1 -.007222983692640906
75 1 -.006968266233067312
