%%MatrixMarket matrix coordinate real general
75 1 22
1 1 1.5798526642492634
2 1 .33552875256488557
4 1 .025611577249224388
5 1 .02002104690129668
6 1 -.0004014049226754463
7 1 .013512458687481549
8 1 -.00549661729258039
10 1 .21410891368296886
12 1 -.013159458880479579
14 1 -.0712662881091582
16 1 .055174795429331146
29 1 -.00014640255592088516
30 1 -.05500113676967736
31 1 -6.268312673840188
32 1 -.16555941458136922
33 1 -2.2484654182940322
34 1 -.030011856294114268
35 1 -.6160061005522035
53 1 -.2542645345183202
54 1 .006711521897483443
62 1 -.018971095281509618
75 1 -.0009472591970115089
