%%MatrixMarket matrix coordinate real general
75 1 27
1 1 -.47899136453689994
2 1 .6259164112021082
3 1 -.0011854423006351024
4 1 .023392646288430918
5 1 -.0022215012767682193
6 1 -.0038567011644347793
7 1 -.013539672663332359
8 1 -.018634723284417832
9 1 -.015165570715742614
10 1 .14399374461650052
12 1 -.0061182244558369925
13 1 .001356287210367131
17 1 .9211197751000265
21 1 .015388816847056433
27 1 .005409819423115467
31 1 -.36212115278030677
32 1 -2.5533396310132246
33 1 -3.6221207114111706
34 1 -.07802796539340706
35 1 -.8926151461878661
39 1 -.014595114879529051
42 1 .0009417693199608365
43 1 -.002705621959112235
50 1 .5100850308122187
62 1 -.011327325608159121
70 1 -.27956348215997406
75 1 -.005460308880348414
