%%MatrixMarket matrix coordinate real general
75 1 20
1 1 -.3761133005482815
2 1 .6626461561791496
4 1 -.017070517959299827
6 1 -.013919826392623754
8 1 -.03107337422396096
9 1 .0010454805841728248
10 1 .18985313653594144
12 1 -7.111188985605584e-05
13 1 .021138925022230044
14 1 -.01786398651696318
25 1 -.04711327835915098
28 1 9.514483094526027e-05
31 1 -4.31642952799586
32 1 -.006971036013301903
33 1 -1.6836964485922596
34 1 -.3660887814765878
35 1 -.3472520352131798
36 1 .0011243424209079068
42 1 .0813978514867593
68 1 -2.1724845267276333e-05
