%%MatrixMarket matrix coordinate real general
75 1 33
1 1 2.4099408366114528
2 1 .6428661290495665
3 1 -.012389509907571754
4 1 .03285861455474641
5 1 .001156428159335042
6 1 -.07647856416813034
7 1 -.0004878312330578356
8 1 -.053016474585291004
9 1 .009493194774653744
10 1 .19628062473313257
12 1 .05519203274875095
13 1 .10861438405398001
14 1 -.06942503011601704
16 1 .0336800598667891
21 1 .0397228416769755
25 1 -.12808905000818727
28 1 .05529106684500544
29 1 .0001967775398444958
30 1 -.03348790258259036
31 1 -7.107120155034577
32 1 -.08893970350591665
33 1 -1.3419567394956342
34 1 -.4774458075767804
35 1 -.43797150698578335
39 1 -.036997735146191764
42 1 .18764271990683937
43 1 -.0534488307376469
53 1 -.6447832421313055
62 1 -.1570654280949973
63 1 -.19439020016922792
68 1 -.053959028233422815
70 1 -1.5648558288874017
75 1 -.11990504254677524
