%%MatrixMarket matrix coordinate real general
69 1 20
1 1 -1.7971396083023778
2 1 .5214449131214525
4 1 .09699112127162694
5 1 -.0035395058629266586
6 1 -.02530966066080105
8 1 -.02392438998023403
10 1 .1442794684977373
12 1 -.015245545618913914
13 1 .007346095452831755
14 1 -.001957880581295787
17 1 2.461574890163946
26 1 -.010736522062284724
28 1 .0011389674352850108
31 1 -.27304880784008007
32 1 .03388113300198021
33 1 -1.6196125890986275
34 1 -4.205749737253586
35 1 -.067680653712681
43 1 .039042917801924114
69 1 .04256144112536591
