%%MatrixMarket matrix coordinate real general
69 1 25
1 1 -1.4119712927887544
2 1 .41191581337828787
3 1 1.7940181788696241e-06
4 1 .11171543205255852
5 1 .024205748433804488
6 1 -.016286887648284672
7 1 .005886058229505182
8 1 -.05850445118050789
9 1 -.02707060356490835
10 1 .09239595487991406
11 1 -.04943129580898415
12 1 .13549323559050705
13 1 .04055383178629239
14 1 -.15843208625805838
17 1 2.752758341745364
26 1 -.172658146936576
31 1 -1.007037526404478
32 1 .2853118923106248
33 1 -2.187029959800234
34 1 -1.6582675686864456
35 1 -.3561946126479794
36 1 -.9112981512734999
43 1 .23060810309432217
64 1 .012588955965250084
69 1 1.6951863394587476
