%%MatrixMarket matrix coordinate real general
69 1 28
1 1 2.0523356277549505
2 1 .547793138692308
3 1 -.0550120459361528
4 1 -.032535572172111664
6 1 -.018072120039636683
8 1 -.04468616178167641
9 1 -.00021663304545840458
10 1 .14874088060145615
11 1 .006924509321935836
12 1 -.004769140299098131
13 1 .035181852022805125
14 1 -.19256458427331086
16 1 .01132377867529364
17 1 .046813854350110644
19 1 -.05171538806799125
26 1 -.03564661336184228
28 1 .01580580168578532
30 1 -.011265002431211877
31 1 -4.541313205128332
32 1 .14268893980302094
33 1 -.21371158028017676
34 1 -4.256113907115263
35 1 -.21902808322681985
38 1 .0598277423228721
43 1 .049490781929936896
54 1 .027200253312358463
59 1 .4853195100508521
66 1 -1.4983098265144816
