%%MatrixMarket matrix coordinate real general
69 1 22
1 1 -.1423582826107177
2 1 .5440084720979791
3 1 .0028329817696544878
4 1 .09425640768555717
6 1 -.001163477092959049
8 1 -.06365462512070173
9 1 -.031318542490394057
10 1 .06969166389648507
11 1 -.0016901658538654167
12 1 .05457974325659278
13 1 .006895676018559403
14 1 -.23112721201709094
17 1 .7542877098347516
26 1 -.031083878798006788
31 1 -.17902204956089984
32 1 .12889555868398295
33 1 -2.3813530662109543
34 1 -4.384649039470936
35 1 -.14891687416947824
36 1 -.8216141860917083
43 1 .08513921039903735
59 1 .43225593358799547
