%%MatrixMarket matrix coordinate real general
69 1 24
1 1 2.0465468952253847
2 1 .6127351567369878
3 1 -.005790704440915501
4 1 -.0008370987271371967
5 1 2.261006704956443e-05
6 1 -.02883013100313054
7 1 -.0018995017046187362
8 1 -.08341087517850689
10 1 .14220734573182892
11 1 -.009851711525667618
12 1 .0013709088801031031
13 1 .023112163765712915
14 1 -.1433421210664583
19 1 -.008069720397126544
26 1 -.25274665188056455
31 1 -5.7560333549349
32 1 .30152995703395236
34 1 -2.398779413643288
35 1 -.5011536362109363
36 1 -.634341088685088
38 1 .04635706495091976
43 1 .3836293156436647
59 1 1.7267588625783168
69 1 .8154058013687583
