%%MatrixMarket matrix coordinate real general
69 1 26
1 1 -2.5804193521111607
2 1 .5993543122184415
3 1 -.005869328612751206
4 1 .12546318501197573
8 1 -.041780776050863194
9 1 .0007747327674376799
10 1 .06999298813637248
11 1 -.017029212169800172
12 1 .001731922842669181
13 1 .02612687727095163
14 1 -.07135742553558953
17 1 1.7338875657822495
19 1 -5.6698174163918176e-05
26 1 -.14262153678380485
31 1 -.12584004803306037
32 1 .1340318818573082
33 1 -1.5524814167043983
34 1 -2.1981738307692598
35 1 -.32404123544515695
36 1 -.66737876711704
38 1 .0012213214358621823
42 1 .0009703319296320947
43 1 .06368492981116888
59 1 .16483988502739833
64 1 1.0862827538865891
69 1 1.077760561029857
