%%MatrixMarket matrix coordinate real general
52 1 36
1 1 3.616825414864431
2 1 .4104968623375044
3 1 -.027846562643539616
4 1 -.021239897784272585
5 1 -.002077674523570878
6 1 -.057388853921045355
7 1 -.0028331305781621463
8 1 -.2654168535659664
9 1 -.08599886028676675
10 1 .009918753073256549
11 1 .054310252484442996
12 1 .04054690666935362
13 1 -.027296003014780548
14 1 -.05558112008984865
16 1 .08740859613331152
17 1 .7054052768190967
19 1 -.22982450600180454
20 1 .36878730962982176
22 1 .03838911907074223
23 1 .00242165201810947
25 1 -.36345504299409526
27 1 -.004346324157150245
30 1 -.08695433077516097
31 1 -1.0442524086111142
32 1 -1.9289072406967032
33 1 .13379925132341142
34 1 -1.7542902224640398
35 1 -4.676108146829501
36 1 -.8699654647452514
38 1 -.09934511595117673
40 1 -.8050431913104682
41 1 .16207629022865067
42 1 7.004827488527027
47 1 -.00016397267584138955
50 1 -.7337088421503231
52 1 -.9310359009238428
