%%MatrixMarket matrix coordinate real general
52 1 21
1 1 2.4715432854564883
2 1 .16062697932473888
4 1 .06812575563553053
6 1 -.009559958782421071
8 1 -.08598407986734259
10 1 .0390250884666515
11 1 -.0009671619111119571
12 1 .08262050915784763
14 1 -.05200895710174599
17 1 .016661613310267782
19 1 -.07511529369798337
23 1 .0036977297028431035
25 1 -.015158121035998152
27 1 -.0024795841445822545
31 1 -1.074610178249139
32 1 -3.089139758234956
34 1 -1.4170225539009513
35 1 -2.875245029167303
36 1 -.7031962233629461
41 1 .008667791719700599
42 1 3.0070116202412436
