%%MatrixMarket matrix coordinate real general
73 1 28
1 1 -.5274820184425479
2 1 .3779131508126549
3 1 -.0006516019975436944
4 1 .001374175166602504
6 1 -.014484064098337844
8 1 -.08959650314812322
10 1 -.020455964062491835
11 1 -.0309403810163378
12 1 -.007331863656570601
14 1 -.08225236618515726
16 1 .00781119412098488
17 1 1.8519594130179782
19 1 -.04106421793084922
21 1 -.03839988289640159
27 1 -.03653835766277254
30 1 -.007745753017660513
31 1 -1.0909390093167932
32 1 -1.9651307253995802
33 1 -2.641787344644199
34 1 -.6945302255846657
49 1 -.019187959737285258
54 1 1.424992726629777
56 1 1.0229084807186726
60 1 .8266536281396438
63 1 .014532644561799667
70 1 -.17359281783384672
71 1 1.1889884377406612
73 1 .0491460887867218
