%%MatrixMarket matrix coordinate real general
73 1 42
1 1 -.8981778655442438
2 1 .5090204177739374
3 1 -.010420604929939127
4 1 .14684910657574893
5 1 -.03641256050463119
6 1 -.10071197957878307
7 1 -.06808277933365618
8 1 -.15872596981836057
9 1 .0034819971397660097
10 1 -.03898406001412588
11 1 -.07918670510180706
12 1 -.02862258947848134
13 1 -.021111141937027535
14 1 -.0613146549425304
16 1 .3641260358960537
17 1 3.0653437496987515
19 1 -.12227591228397416
21 1 -.28720727890992415
23 1 -.005450522878609052
25 1 -.059628316827196166
26 1 .007692833837274269
27 1 -.028516538784848236
30 1 -.3609159800541512
31 1 -1.9283645756803345
32 1 -1.3006009198314425
33 1 -2.2406246003688426
34 1 -.30422014808219494
39 1 .10203686340391825
49 1 -.06901941657345964
51 1 .0011178644898892386
54 1 .9232991546034488
56 1 1.0789098869782288
60 1 .9780745126190124
62 1 .05891397322121125
63 1 .39862132739992906
66 1 -.5703612413961321
67 1 2.9111790469420837
69 1 .7067073426740788
70 1 -.1110605829769477
71 1 1.2865029910452381
72 1 -.03905904714358805
73 1 .6982272858724437
