%%MatrixMarket matrix coordinate real general
73 1 33
1 1 2.3045182538781823
2 1 .4722378841091022
3 1 -.0029004801679911223
4 1 .2978546516977205
5 1 -.0033149103104191473
6 1 -.09567003246551245
7 1 -.008008031584374575
8 1 -.15334302349513534
9 1 -.009431810806524181
10 1 .04836621460281934
11 1 -.030954462438850444
12 1 .009239460737083942
13 1 -.0023817379753994397
14 1 -.16294220842460191
16 1 .03564201172752163
19 1 -.03440149393869016
21 1 -.054503582349460684
26 1 .026702001789278628
27 1 -.01616477992438625
30 1 -.035395165960282256
31 1 -4.675634362808794
32 1 -1.281634311713397
33 1 -2.6629134108410017
34 1 -.6101829133731752
49 1 -.0008619569524165638
52 1 .00797547749510662
54 1 .5399105950232211
56 1 1.2108970497692992
58 1 -.0028200991565668536
60 1 .8111019623356957
71 1 1.1647672166177365
72 1 -.046292932044948554
73 1 .01731243127374129
