%%MatrixMarket matrix coordinate real general
73 1 37
1 1 2.1889998037690734
2 1 .5778392809576156
3 1 -.02448222045837483
4 1 .21191991633108173
5 1 -.04205785314383383
6 1 -.12128788497346786
7 1 -.03696889262372819
8 1 -.21051425262188087
9 1 -.017873824752837903
10 1 .26432633998562793
11 1 -.0887288568271655
13 1 -.01564834152617852
14 1 -.13448461322549712
16 1 .08873693808076322
17 1 .39325281820797076
19 1 -.056547556364608786
21 1 -.10425193833929249
23 1 .022411172137691452
25 1 -.13351100547961342
27 1 -.043287471613321006
30 1 -.08815544207182255
31 1 -8.517582419805297
32 1 -.50231832568276
34 1 .008905455073598523
49 1 -7.111180533522536e-05
50 1 -2.5320441595327767
51 1 .0001222239845794637
52 1 .018914547979243017
56 1 .2742392430763808
59 1 .7784321384524823
60 1 .0029910944012032435
62 1 .1328970670065343
63 1 .0383481377200875
67 1 .11660032736234655
71 1 .3624583648212298
72 1 -.006684513725619649
73 1 .3357107277164084
