%%MatrixMarket matrix coordinate real general
73 1 28
1 1 2.3644742938102246
2 1 .39187792018897355
3 1 .0004889846426737893
4 1 .17464128281972768
5 1 -.018929648357068073
6 1 -.024123929197613535
7 1 -.005331444936211031
8 1 -.07801122458589892
9 1 .009331748316521683
10 1 .30747630750960736
11 1 -.07896400621143193
12 1 -.114455216896233
13 1 -.06236079042538529
14 1 -.07027860635278856
16 1 .1267969095558249
17 1 .16676624065407955
19 1 -.00265749824877756
21 1 -.021996952462737557
23 1 -.00026314069802304445
25 1 -.5552352052743005
30 1 -.12621807191989795
31 1 -8.75855455470639
32 1 -.33580991232294155
33 1 -.016014811087126747
62 1 .5520867788366592
63 1 .01737951375584708
69 1 .053788082011851375
73 1 .5299640198705474
