%%MatrixMarket matrix coordinate real general
73 1 26
1 1 -.6125586475318858
2 1 .5648879785092539
3 1 -.003940755723590148
4 1 .09466414875356245
6 1 -.04017038737198382
7 1 -.001593755910901248
8 1 -.11137498792271072
9 1 -.0017728023812805564
10 1 -.002376578535948998
11 1 -.02283504639700494
12 1 .005621683129687563
14 1 -.12281885708489376
17 1 1.0356484271170516
19 1 -.047274034418572794
21 1 -.030459034759188434
27 1 -.13112690800173296
31 1 -.68449385262859
32 1 -2.0716040947609557
33 1 -3.1920687746969083
34 1 -.3961516019645723
51 1 -.0026628106495541403
52 1 .0003463134744387415
56 1 .971752668551983
60 1 .9931042557542098
71 1 1.5600981097694722
73 1 .1602982031847686
