%%MatrixMarket matrix coordinate real general
73 1 22
1 1 -.3650739173673072
2 1 .5260717969334839
3 1 -.001097676780670744
4 1 .005447174320928989
6 1 -.037578916064679946
8 1 -.12365933589810521
9 1 -.008222899007094043
10 1 -.00180570263583985
11 1 -.004694011964879049
14 1 -.045970805499907695
17 1 .8989258030579678
19 1 -.03562759408990112
21 1 -.048903380042088114
27 1 -.0575467626292615
31 1 -.5724617420742278
32 1 -2.4581698419677425
33 1 -2.749950237192575
34 1 -.5294340583211261
52 1 .026605906849632835
56 1 1.2499086466853038
60 1 .7083044966664925
71 1 .3514175648419977
