%%MatrixMarket matrix coordinate real general
73 1 25
1 1 3.07786128196945
2 1 .41135411943569744
3 1 -.0096440967672219
4 1 .07240807501745768
6 1 -.014414324029224178
8 1 -.15235688542616124
9 1 -.02522775894640841
10 1 .13969407614064377
11 1 -.0385687087684183
12 1 .025821057788113267
14 1 -.15271575978199062
19 1 -.019505322935141657
21 1 -.03169838553300976
27 1 -.030391496066719006
31 1 -7.9292434527433695
33 1 -1.7154605216109486
34 1 -.5323198783281747
49 1 -.0022663206364205058
50 1 -.14962857818475972
52 1 .14412051979397456
56 1 1.3184650486291238
60 1 .9147533623725938
70 1 -.07388716733840862
71 1 1.6200757232727085
73 1 .0013582880840338468
