%%MatrixMarket matrix coordinate real general
73 1 26
1 1 -2.1166406244095937
2 1 .47834595560781934
3 1 -.010468506944180934
4 1 .0014179661135701438
5 1 -.008709512297316233
6 1 -.04495884457543934
8 1 -.09048913037168918
9 1 -.0029490617668654654
10 1 .11171448244404848
11 1 -.012204396192096692
12 1 -.030442894244639026
14 1 -.043200174745721416
16 1 .0019675882063897934
17 1 3.4820735007714143
19 1 -.027146110891151955
21 1 -.032004720972492656
27 1 -.009633302957190962
30 1 -.001972299575357768
31 1 -1.7548897820882703
32 1 -3.026784166188679
33 1 -.09675234503066303
34 1 -.026135047769774315
56 1 .43280895804550956
59 1 .9369587148073044
63 1 .010534674759157
73 1 .008551276521850806
