%%MatrixMarket matrix coordinate real general
68 1 37
1 1 1.8743332946269193
2 1 .3575557188657537
3 1 -.007895387784289878
4 1 .07911692949320949
5 1 -.02245694101382825
6 1 -.06325710502457951
7 1 -.0694592423886583
8 1 -.1460877800795597
9 1 .0006860051605002334
10 1 .12678140461382728
11 1 -.05905939010791688
12 1 -.005883882195749278
14 1 -.023717336254707528
17 1 .12110078346274444
18 1 .00016464677861408782
19 1 .48940357535389734
23 1 -.001660472058512825
25 1 -.025619025511084456
27 1 -.017742932384704223
29 1 .00016253991375351674
31 1 -5.578906329967654
32 1 -.403514016559203
33 1 -.03706636140374766
34 1 -.6003137561493596
35 1 -2.4509824407556438
36 1 -.00013583522776640256
45 1 .4282401238539849
46 1 .8767172711187752
47 1 .7165394126578786
48 1 .021767549419672263
49 1 .1589546630836733
55 1 -.0007841139800158728
56 1 .6412735742729016
58 1 .7374359046352447
60 1 .047094093051159434
61 1 .1316526711655795
63 1 -.09632629712640668
