%%MatrixMarket matrix coordinate real general
68 1 41
1 1 1.5666152195887513
2 1 .41927600773190504
3 1 .1419150166421081
4 1 .05625984196926255
6 1 -.02058542696671097
7 1 .07085528640781617
8 1 -.04851190710122288
9 1 .0003541114564606272
10 1 .013882894210774564
11 1 -.027043947796281036
12 1 -.079899200944504
13 1 -.0037116710015833434
14 1 -.004077367910141162
16 1 -.0008506827275444097
17 1 .4736543177230652
18 1 .10698375521619892
21 1 1.8399750828630113
22 1 .11013991766736966
23 1 -.025057384981632687
25 1 -.045074849822791196
27 1 -.046988485944229476
29 1 .13681136255635398
30 1 .0008296649121042656
31 1 -4.117099839762779
32 1 -.3191444591785831
33 1 -.05649430927929375
34 1 -5.057819066275424
35 1 -.08985659647897418
36 1 -.389910576300498
38 1 -.03197701701601061
39 1 -.4189586569900739
40 1 -.05887648946881411
45 1 5.357376221322519
48 1 -.023392072783395543
55 1 -.01632051768710757
59 1 -.030479247310210508
60 1 .07444459371053548
61 1 .18130093092155525
64 1 2.331680462179858
67 1 .001302030838047156
68 1 2.0205580344155827
