%%MatrixMarket matrix coordinate real general
60 1 20
1 1 1.8603148236411906
2 1 .626904018892582
3 1 -.009763664549642203
4 1 -.020708544550020434
7 1 -.04561225746821977
8 1 -.11591477400462816
10 1 .014621910008555698
12 1 .005360595117869358
14 1 -.1675371170515913
17 1 .032435760762307135
19 1 -.12795376959024035
21 1 -.08062794388126264
25 1 -.028214940684762775
27 1 -.004420613934132134
31 1 -.011629691818314011
32 1 -1.1665513885375791
33 1 -6.157409102720924
34 1 -1.5838364014516662
38 1 .013126868246251193
60 1 .9677414844739414
