%%MatrixMarket matrix coordinate real general
60 1 20
1 1 1.0140131616283679
2 1 .6046741024683496
3 1 -.0010827615300954717
4 1 .07799526135503619
5 1 -.012560072034921977
6 1 .0036671843037610853
7 1 -.022365724577944016
8 1 -.002305435617778117
10 1 .03725857176615681
11 1 .0006335812239257315
12 1 .023989584408325756
14 1 -.1504109617530238
21 1 -.09118202802077643
25 1 -.03778197327446469
32 1 -.16655901772824847
33 1 -4.749960243730884
34 1 -3.0177420120324667
45 1 .05448510943930599
55 1 -.00908659459069988
60 1 .0644353885855156
