%%MatrixMarket matrix coordinate real general
60 1 31
1 1 1.2858621091006794
2 1 .5820789818925755
4 1 .0008309906864783049
5 1 -.031077636080420284
6 1 .03124986807840308
7 1 -.027098510683185455
8 1 -.007464630045374641
9 1 -.04817024264855723
10 1 -.0029147072518964346
11 1 .02977038458060089
12 1 -.0022587667428431357
13 1 .013676922064411156
14 1 -.1334407340693224
16 1 .15740186308731008
17 1 .4054283314244832
19 1 -.17509772759275175
21 1 -.1478257748891316
23 1 .035496322940197646
25 1 -.05187716571808717
30 1 -.15630476754099326
31 1 -.3407594816636971
32 1 -.7315259701892495
33 1 -5.684045148527006
34 1 -1.3914535591675468
38 1 -.008971322134338816
45 1 .15386062274661935
47 1 -.013038423002939475
50 1 2.91600295104935
53 1 .6056510009561227
55 1 -.1441548936107587
56 1 -.011131523805910544
