%%MatrixMarket matrix coordinate real general
66 1 23
1 1 .415354038563696
2 1 .4245894065812914
3 1 -.00039815232605026045
4 1 -.0049636212165945
5 1 -.00805410407909712
6 1 -.042323335198013616
8 1 -.04478097881744187
9 1 -.012827578349769019
10 1 -.16337636139174758
12 1 .1552922239963266
14 1 -.03179194591549676
16 1 3.3642705381120824e-05
19 1 -.014178345124591946
21 1 -.008287182449623308
23 1 -.005107036108188682
27 1 -3.248442575649252e-05
28 1 .014244503391928252
32 1 .06896195645880039
34 1 -4.898263653052215
35 1 -1.1985587614851028
36 1 -1.2262811753577039
50 1 .00011695073151715242
55 1 -.0313707329333851
