%%MatrixMarket matrix coordinate real general
66 1 22
1 1 1.999279016957047
2 1 .34766284696786887
4 1 -.05822210550589998
6 1 -.07788263191280978
7 1 .004981996645796064
8 1 -.06854477797216943
10 1 -.08301525231546927
11 1 .013267960475722564
12 1 -.04371160998754108
13 1 .003167757970126549
14 1 -.030502184037411426
16 1 .00964986225619725
19 1 -.0004475966644764316
27 1 -.00959955841713339
32 1 .13358185592605382
34 1 -2.8135819746470476
35 1 -3.5307522907720426
36 1 -2.818617940243455
42 1 -.0019439474854100768
50 1 .00036389308727571905
55 1 -.013423835312786488
58 1 2.789186853886166
