%%MatrixMarket matrix coordinate real general
66 1 24
1 1 1.2149444121974344
2 1 .09885042644542433
3 1 .014637611845094434
4 1 -.002148808100629042
5 1 .003990838515727747
6 1 -.0005204309976310229
7 1 .015352910330810307
8 1 -.005338033719341154
9 1 -.001409188898447999
10 1 -.13058332489998795
11 1 .032014916866574206
12 1 .0750627335029871
14 1 .018388304519469132
16 1 .02627713324525699
27 1 -.02617643211653244
32 1 .06366049149308013
34 1 -4.355736461722616
35 1 -2.5001131701333854
36 1 -1.9354601209069717
46 1 -.2540599644114951
50 1 .003971825770240072
52 1 -.13058391587851542
55 1 -.06405524966343806
58 1 2.613197258817757
