%%MatrixMarket matrix coordinate real general
66 1 33
1 1 2.842418956660386
2 1 .28925440728569407
3 1 -.012940806355442466
4 1 .08034228912847187
6 1 -.08471254677841775
7 1 .017590415891416005
8 1 -.028500905623500012
9 1 -.0023482155928809434
10 1 -.11525169653602413
11 1 .01539177109501638
12 1 .01601498421700325
13 1 .00011833107667970743
14 1 -.07726479903063592
16 1 .19047748214745464
19 1 -.03793477310586295
21 1 -.04333213457905091
23 1 -.053020525023595604
26 1 -.2586651501441433
27 1 -.18917438451352672
30 1 -.02547340594579817
32 1 .056496864733448914
34 1 -2.344342622399925
35 1 -3.8595203600623145
36 1 -3.105871279919402
42 1 -.07895196138222291
44 1 .012192080808187367
46 1 -.5812149191647277
50 1 .12247943167417243
52 1 -.3392268361258056
53 1 .05719015126092478
55 1 -.009493523919403479
58 1 3.7384510200447774
62 1 -.04947163124815186
