%%MatrixMarket matrix coordinate real general
66 1 27
1 1 1.9895750222103956
2 1 .2892870729419802
3 1 4.3427166427448275e-05
4 1 .1522346950840393
6 1 -.054455686805790514
7 1 .005383068480514069
8 1 -.03957548152011561
10 1 .0808787558428724
11 1 .004602016964477631
12 1 -.21956813381605544
14 1 -.06352960997359816
16 1 .0169355483521646
19 1 -.012975932555502894
21 1 -.0003441741652107936
26 1 -.09356099395042275
27 1 -.01674263137406523
29 1 -.03702623176731466
34 1 -2.5291473415243897
35 1 -3.7120568520050634
36 1 -2.9991573293003677
42 1 -.020709443843363262
45 1 -.4665777491852004
47 1 .06631205814920335
50 1 .0003736701318900221
53 1 .056779897706027295
58 1 1.163650439506539
63 1 .007354743721858585
