%%MatrixMarket matrix coordinate real general
66 1 20
1 1 -.17505838828362652
2 1 .43230002736996676
4 1 .13888144810840738
5 1 -.0012475587459962066
6 1 -.01869671680008029
8 1 -.026637212020618906
10 1 .10515472523640854
11 1 .00010672864387173697
12 1 -.18519492076579386
13 1 -3.286004999094527e-05
14 1 -.030103112143412027
16 1 .007083739956621882
17 1 .1139316079533335
19 1 -.0006197522004939761
21 1 -.002387586901038856
27 1 -.007038336675374189
34 1 -4.045441537045153
35 1 -1.7366902223622116
36 1 -1.5240004348788256
50 1 .006633415023238827
