%%MatrixMarket matrix coordinate real general
66 1 27
1 1 1.3353854558544533
2 1 .3293521535256102
3 1 -.0027118822469493526
4 1 .010478258788006805
6 1 -.059884628237092015
7 1 .009246267340078058
8 1 -.07497723431228233
9 1 -.03309580869511154
10 1 -.13505176383921447
11 1 -.003130973787352947
12 1 .05732301895355997
13 1 .031481156514165005
14 1 -.013408153680504662
16 1 .00505876609443071
19 1 -.02944930803379021
21 1 -4.7823516771228795e-05
23 1 -.006440205009004363
27 1 -.005042949080126018
28 1 .048638022043242704
32 1 .37418662830058796
34 1 -3.966369141065133
35 1 -2.3502044709035754
36 1 -1.949137092044745
42 1 -.04809194162136113
55 1 -.025814356358774937
58 1 1.879856541692623
62 1 -.14037112698362617
