%%MatrixMarket matrix coordinate real general
82 1 23
1 1 -.9695925135145185
2 1 .4701088910338571
3 1 .00023870300731070084
4 1 .06087058617178777
5 1 8.091179069510059e-05
6 1 -.03622526528305586
7 1 .00046484997157534327
8 1 -.10632821189314978
9 1 -.0018729542313023024
10 1 .047275032415712244
11 1 .0006036395268687065
12 1 -.0006707666566281817
13 1 .023026734237897587
14 1 -.07438316479402488
16 1 -.061664172783322285
17 1 3.527283955997729
26 1 -.010091553768917282
30 1 .06142873829488527
31 1 -3.000634288160989
32 1 -2.066538938877344
34 1 -1.088473925292681
63 1 .010057863442370243
82 1 1.2113423707467417
