%%MatrixMarket matrix coordinate real general
82 1 23
1 1 .43160621976346913
2 1 .38926056078762616
4 1 .03233586749541814
5 1 -.008693892125849976
6 1 -.023360711223958795
7 1 -.0017712573303914575
8 1 -.07491004759790997
9 1 .028612144500562382
10 1 .018504679122798434
11 1 -.010413245232509583
12 1 .06507761718926491
13 1 -.03128533853051796
14 1 -.1315336860176825
17 1 1.6058545454415765
26 1 -.032419657077285904
27 1 -.038163679664540893
31 1 -2.759097136392335
32 1 -3.018724993833048
33 1 .14570092665636153
34 1 -1.4134125254316467
52 1 .00038979681931607086
63 1 .028590164112330854
82 1 1.1285079194752998
