%%MatrixMarket matrix coordinate real general
82 1 19
1 1 -.7508262742648553
2 1 .5837259263191694
3 1 -.0007742744072028385
4 1 .10583450858755444
6 1 -.013067694742613569
7 1 2.9704269879874747e-05
8 1 -.00451663088402138
10 1 .023626036481427994
12 1 .06029840635821317
14 1 -.0661484321926958
17 1 1.1752672483363595
26 1 -.00035159930754328697
31 1 -2.1788699328371957
32 1 -3.415537450229055
33 1 .0034654580421799364
34 1 -1.0904654670965235
55 1 .012959122224572637
63 1 .000111616909398288
64 1 .20239423772720144
