%%MatrixMarket matrix coordinate real general
82 1 19
1 1 -.6467932099460603
2 1 .47590044632518386
4 1 .0678825009346332
5 1 -.010836189684316273
8 1 -.0027634326708165582
11 1 .036922080112112836
12 1 .05253400103810362
14 1 -.025711295938747648
17 1 1.9008410455731046
22 1 -.0006287965230287837
25 1 -.04465936454385469
31 1 -2.1242460559674186
32 1 -4.743009860387529
50 1 .029330316352017813
52 1 1.0845845658675888
60 1 .8977925203063789
64 1 .24271462709966138
75 1 -.5043410452676456
78 1 .358168429493084
