%%MatrixMarket matrix coordinate real general
82 1 30
1 1 1.493473993746841
2 1 .46481448305956047
3 1 .010153521095075202
4 1 .059529831905065146
5 1 -.005467955121755659
6 1 -.046092067081149476
8 1 -.058093541126911626
9 1 -.029743260305662406
10 1 .017041954615151417
11 1 .0008225692630413953
12 1 -.12884239417993895
13 1 -.029387738372734645
14 1 -.03571166315310231
16 1 -.028736533241035363
17 1 .7889808077247041
19 1 -3.8264831141472715e-05
22 1 -.00022322563617987713
25 1 -.005541546373241543
28 1 -.19550985052846667
30 1 .028589990332192856
31 1 -1.7216996326479808
32 1 -6.932586299297822
34 1 .0008401009835372343
52 1 .3460869494040585
60 1 .33292788804844836
62 1 .01604442885893395
64 1 .281447669672362
69 1 .0012029326551011197
75 1 -.1338387926238286
78 1 .24402784368401464
