%%MatrixMarket matrix coordinate real general
82 1 21
1 1 .6457350413301999
2 1 .48525347118836193
4 1 .1257743607768984
6 1 .029056878417785953
8 1 .006981883276848728
10 1 .05625542617194873
11 1 .023882837798042084
12 1 -.0858146710017695
14 1 .010608121346577534
17 1 .2133139866672698
22 1 -.004502315759756124
25 1 -.010194502897816473
28 1 -.17090684791234775
31 1 -1.9030980068538756
32 1 -6.352763280829031
52 1 .7168459722082171
60 1 .5979210606882343
62 1 .0505113640683557
64 1 .6153276561517165
75 1 -.6531857409521557
78 1 .5478445320463808
