%%MatrixMarket matrix coordinate real general
82 1 35
1 1 .5063332752846144
2 1 .4094064220673363
4 1 -.011337543651381779
6 1 -.027823857491517102
7 1 .0053205938254697145
8 1 -.054745950067943576
11 1 .00025930659088007496
12 1 -.05344689354236638
13 1 -.01992194348671153
14 1 -.01387756947901831
16 1 -.06530237759752249
17 1 1.890227991114362
18 1 -.2735339124313095
19 1 -.014164676074041671
23 1 .030559043641106856
25 1 -.0005660486748839494
28 1 -.05098058453959544
29 1 -.0011757376374071492
30 1 .06493705987642935
31 1 -1.0030217349151676
32 1 -6.32479626700101
39 1 .25654789043094983
40 1 .24835858529433189
41 1 5.379843482796414
43 1 .1462106969532785
45 1 .15029422134256087
49 1 -.04412274719883593
50 1 .27640492538144057
52 1 .7561457917983433
60 1 .6151462884844418
64 1 .19442222187019403
66 1 -.01829930035885788
69 1 .04619212882988505
75 1 -2.033483609551858
78 1 .42647631903058913
