%%MatrixMarket matrix coordinate real general
82 1 22
1 1 -.21718198372677477
2 1 .42998027449692966
4 1 -.0002321781178581506
6 1 -.015397282483559177
7 1 .012199876456822316
8 1 -.06112709830877245
10 1 .08870208763484572
11 1 -.007081872961051334
12 1 -.10161277025868494
13 1 -.02549548164915616
14 1 -.0445478329097011
16 1 -.017390638925700357
17 1 1.666880440823811
18 1 -.06867340210854168
30 1 .01729697161746065
31 1 -3.500602545134579
32 1 -3.1481687426624294
39 1 .06236491361076468
40 1 .0606415917541875
43 1 .05896788253243891
45 1 .0573410381623856
49 1 -.0063558277206218995
