%%MatrixMarket matrix coordinate real general
74 1 32
1 1 -1.0528208342793617
2 1 .40064274533738164
3 1 -5.6569338168549044e-05
4 1 .030258301872028843
5 1 .00046269644762507033
6 1 -.009142993934162463
7 1 7.414503618453726e-05
8 1 -.018399744090782277
9 1 .010709205150346669
10 1 .1192052629020909
11 1 -.001036095862014909
12 1 .05149154580628934
14 1 -.02765322225206478
16 1 .03729023603807941
17 1 2.6480402133549945
21 1 -.05776027887353693
27 1 -.04893499897608721
29 1 .00016922851159664214
30 1 .03713944118744566
31 1 -.019774501760782826
32 1 -1.5275665147098614
33 1 -.0010078320711858614
34 1 -2.654533731307027
35 1 -.723237929862701
36 1 -1.2825890673460871
38 1 .2727542564895263
42 1 .013651750036279161
52 1 .0192598929857914
54 1 -2.4397292990409536
55 1 -.6430170636964384
58 1 .010542393472389147
60 1 -.3372581933525649
