%%MatrixMarket matrix coordinate real general
74 1 39
1 1 3.418357618422955
2 1 .42343410781343505
3 1 -.031630079640831255
4 1 .3294117729208813
5 1 .00121247192712332
6 1 -.01595657144593479
7 1 -.0009072714700677101
8 1 -.13355581676847175
9 1 -.015522046963012466
10 1 .25913315214381266
11 1 -.021780057383254094
12 1 .24097812752551523
13 1 -.11816612101733615
14 1 -.038263138887298605
19 1 .049332225668538766
21 1 .005508712131778797
24 1 -.12146859723596405
26 1 -.013352898696609517
27 1 -.12682183090257593
31 1 -3.2081530529476687
32 1 -6.2227212334592945
33 1 -.6034311580331794
34 1 -.07358448662253853
35 1 -.11311161300163038
36 1 -.4661937568096286
39 1 -.03550420785327233
40 1 -3.9580808985527876
41 1 -.025636899521822677
42 1 .23590821297900974
45 1 .035906689500557
48 1 1.377975608740655
49 1 .023845928388004266
50 1 -.03448076717791941
52 1 .13074787753678993
56 1 -.24779572805762679
58 1 .05658148615790153
67 1 -.04482701427092531
70 1 -.07608700140181245
72 1 .03507957246411484
