%%MatrixMarket matrix coordinate real general
74 1 29
1 1 -2.0947028424276075
2 1 .2573785658227072
3 1 -.005620552027181822
4 1 .05150828899733504
5 1 .023556639561906338
6 1 -.01246141501352039
7 1 .03637437130206005
8 1 -.018837795963790403
10 1 .10272198537217603
11 1 -.0104695564380702
12 1 .14324726442474864
13 1 1.4109938950450221e-05
14 1 .0011751043334499748
16 1 .1271251590725094
17 1 2.89973797253039
19 1 .010897718640226806
27 1 -.05194439580239866
28 1 .02254762383418427
30 1 .12702684856263283
31 1 -.38245490875145954
32 1 -1.4463732460768104
34 1 -3.4984327634801993
35 1 .0005265913655570633
36 1 -.029920233943799085
39 1 -.006861607164063057
41 1 -.001164543938250602
42 1 .04070971087080934
50 1 -.3917459943814838
58 1 -.00836646666264241
