%%MatrixMarket matrix coordinate real general
74 1 41
1 1 2.5312720452718747
2 1 .30409150207454244
3 1 -.019244550828558294
4 1 .14963468941257937
5 1 .006392584791554034
6 1 -.062138450385301754
7 1 .0012451992442045739
8 1 -.13692517673290616
9 1 -.014604761211188502
10 1 .25876029230893044
11 1 -.04976610277706742
12 1 .1187064813080051
13 1 -.011043278492720616
14 1 -.021392876869077076
16 1 .0007913956193138944
17 1 .032298435081646364
19 1 .03582135151830095
21 1 .002908232095745014
24 1 -.009890994118629712
27 1 -.11601389750136812
28 1 -.020833906247869308
29 1 .02249875537653003
30 1 .00078720282004126545
31 1 -.01027309822702847
32 1 -8.642907320766142
33 1 -.9247426372261444
34 1 -.2479517583604014
35 1 -.06279376617759053
36 1 -.01813461129575325
39 1 -.02830880390033483
41 1 -.014163734129395117
42 1 .13801435740959297
50 1 -1.696321105139449
51 1 -.5951552046720194
52 1 .002128902142975414
53 1 -.4630016835520927
54 1 -.21274721202543403
60 1 -1.1474394325990287
66 1 .6400031588194595
70 1 .9153332379478805
72 1 .0317093415267076
