%%MatrixMarket matrix coordinate real general
74 1 37
1 1 2.898742783280208
2 1 .47788390394726576
3 1 -.027859568865799378
4 1 .36280036429891777
6 1 -.031899980163820015
7 1 -.02263506101582887
8 1 -.0955724979179494
10 1 .13851595552034476
11 1 -.013182929416330993
12 1 .24472350102305862
13 1 -.12430897213103138
14 1 -.08111402078697468
16 1 -.038702414365098574
19 1 .00021522564265101805
21 1 -.008990802027724487
24 1 -.1463322740603849
26 1 -.0930545656823867
27 1 -.09062108459834996
28 1 -.01722068187189794
30 1 -.03844646263066795
31 1 -2.541759248787082
32 1 -5.353122399833058
33 1 -.7124048852541035
35 1 -.8285646360562257
36 1 -.7794982025737643
38 1 .01199805052637776
40 1 -.13555225234205845
42 1 .1908386470374895
45 1 1.4061912974129007
49 1 .11310690351848067
51 1 -3.40727202055016
52 1 .25046191535356876
53 1 -.33986272781826304
54 1 -.01368105392541926
56 1 -.09940495598260733
58 1 .2760882225707291
63 1 .030113671678075566
