%%MatrixMarket matrix coordinate real general
74 1 40
1 1 -2.559479722484901
2 1 .41448827167360147
3 1 -.02278461723131001
4 1 .17466889105625644
5 1 .04959209692913027
6 1 -.036437478882489084
7 1 .013839887120386087
8 1 -.05504867264242866
9 1 -.030994771125757038
10 1 .22062127781895402
11 1 -.007535498514443284
12 1 .16766064102769548
13 1 -.055444560138800364
14 1 -.005864550780587482
17 1 3.443092511308244
19 1 .024086002051493687
24 1 -.10162223810375141
26 1 .010939132230621476
27 1 -.10988654680085766
29 1 .057698922765895416
31 1 -.6547519418976712
32 1 -1.4972673916070318
33 1 -.023851191714688066
34 1 -1.5403949068807563
35 1 -.23805806996382703
36 1 -1.1498817169370532
39 1 -.01642128980793565
40 1 -.31564842645495883
41 1 -.006749846055993918
42 1 .17173824735540255
49 1 -.01601337065911455
50 1 -2.236296767301025
51 1 -2.7534953947317926
52 1 -.0018348397431231997
53 1 -.4849433677439425
54 1 -.12416801732619355
58 1 .030591141842963025
60 1 -.09212716388872279
66 1 .3341827792738877
69 1 -.28281581345125467
