%%MatrixMarket matrix coordinate real general
74 1 20
1 1 -2.823416544917614
2 1 .3744233925001154
3 1 -.0003444523489715219
4 1 .19930251972559201
6 1 -.007916220566244612
8 1 -.02507201334352155
10 1 .14091537515967453
11 1 -.010893376993807933
12 1 .13316219021303363
13 1 -.02919637521428511
14 1 -.019310952776183877
17 1 2.705811288737447
24 1 -.049828879548256634
27 1 -.01214946375308425
32 1 -1.300056945511568
34 1 -1.3768983650250928
35 1 -.8514142720521274
36 1 -.9356113568069886
42 1 .0886067866483671
58 1 .038717049401362835
