%%MatrixMarket matrix coordinate real general
74 1 44
1 1 -.9079454835050038
2 1 .4734021769774328
3 1 -.025320255053870432
4 1 .15602908822642822
5 1 .004686783342145091
6 1 -.04266809102328977
8 1 -.06786284922460041
9 1 .0046944656092193955
10 1 .16547693834002966
12 1 .21015934401673358
13 1 -.08089167933276203
14 1 -.03965992811237208
17 1 2.081715702877649
19 1 .024951101602344816
24 1 -.16852174666500913
26 1 -.03423633687694295
27 1 -.07632373012263961
28 1 .010357465456876524
29 1 -.003455864956445126
31 1 -2.790752882521946
32 1 -.7290091355822687
33 1 -.010668372394199379
34 1 -1.7260611539853075
35 1 -.03189020711236202
36 1 -1.1634511157785594
38 1 .21058063791282539
39 1 -.016593486094017996
40 1 -.9936942631548142
41 1 -.00360385558345942
42 1 .20804083533819445
43 1 .08356067749503711
44 1 1.0746561213724966
45 1 .04744787372402598
49 1 .04345063215738399
50 1 -1.3607346922874222
51 1 -.6425599964681752
52 1 .117785665046793
54 1 -.049001535531659465
55 1 -.5964838384552138
58 1 .06974276862743371
63 1 1.0904497023042528
65 1 -.00077786897084226
70 1 -1.908739838922071
71 1 -.38048987824109737
