%%MatrixMarket matrix coordinate real general
67 1 33
1 1 3.497089546478941
2 1 .5726798560164109
3 1 -.003337536804948162
4 1 .12240109052406185
5 1 .059292049383188744
6 1 -.04474547954285373
7 1 .008138277265580605
8 1 -.25659080537942935
9 1 .0018041001232093029
10 1 .058437254054561454
12 1 .005003821876291807
13 1 .010761419762707052
14 1 -.06034967804808104
16 1 .0362073280430577
21 1 -.217445399853476
23 1 -.06682571222744396
25 1 -.0002760949149771746
27 1 -.013970722329231066
28 1 -.0034524658538268686
29 1 .0018521323220270925
30 1 -.03581101399092848
31 1 -2.7917671146186525
32 1 -3.831079061274016
34 1 -1.8645763586827577
35 1 -1.43351154799211
40 1 3.6992993113796815
42 1 -1.2261974456949025
43 1 1.678571122469604
46 1 -.04732495150381709
48 1 3.35322872599261
52 1 .19581245435348843
57 1 2.6202291413392413
67 1 1.1221427850510224
