%%MatrixMarket matrix coordinate real general
67 1 36
1 1 2.6174127156551643
2 1 .5347471255871862
3 1 6.973086293702938e-05
4 1 .19429982773769752
5 1 .04475023296513665
6 1 -.05035740623110639
7 1 .01998398080245659
8 1 -.2242166658825826
10 1 .15061850122739576
11 1 .0026854482201801883
12 1 .006991284692443242
13 1 .008770857008083036
14 1 -.06030373157357399
16 1 .1275816521035722
18 1 -.0315493615304778
21 1 -.14629654873253262
23 1 -.07996881731975253
27 1 -.00020742433038601615
28 1 -.03693882113455214
29 1 .022091769733605934
30 1 -.12669516036716322
31 1 -4.510533749127154
33 1 -.017390334646833414
34 1 -2.852368087675548
35 1 -1.897177230918365
38 1 -.012106919835365113
39 1 -.04817714827590124
40 1 2.1848281008009542
42 1 -.6651254544408599
43 1 1.1517031690901098
46 1 -1.2128255435864785
47 1 .009116607663302122
52 1 .8048808719048548
55 1 -.00919280529287403
60 1 -.005162862730665781
67 1 2.4051033561637176
