%%MatrixMarket matrix coordinate real general
67 1 34
1 1 .18047883789250907
2 1 .6941370730411856
3 1 -.011306964430637778
4 1 .1228796900648387
5 1 .08635505960675861
7 1 .05727104727116868
8 1 -.17872935748773403
9 1 .001963891764621345
10 1 .09035280578580626
12 1 -.021042923217573714
13 1 .04752249686821194
14 1 -.048634563460624766
16 1 .07023181787192405
17 1 .5360999292231986
18 1 .02520545620991057
21 1 -.19486467290901713
23 1 -.07866035310158613
25 1 -6.311151415160291e-05
27 1 -.008040440817930877
29 1 .0006592199305956812
30 1 -.06972623026245611
31 1 -2.7572149604154554
32 1 -.335144111848117
33 1 -.553271713154775
34 1 -2.926085569642049
35 1 -.5658672315933788
39 1 -.02040882543356075
40 1 3.5448160110246194
41 1 -.07700202924837404
42 1 -.4137057219441459
43 1 .3465361869306651
57 1 .107225875585573
62 1 1.855161439976962
64 1 .09085177871461343
