%%MatrixMarket matrix coordinate real general
67 1 42
1 1 2.9156062142546952
2 1 .5799798446803683
3 1 -.014484018832775265
4 1 .15001232391824457
5 1 .0925943402837528
6 1 -.10970407716226
7 1 .006619241993698273
8 1 -.18087075593060273
9 1 .0002993247953981101
10 1 .02683627021807493
11 1 .0001458578704802118
12 1 -.016741681014991013
13 1 .0564273687174921
14 1 -.06203346280444466
18 1 .0010442726046818005
19 1 .040675577555773015
21 1 -.11571413221365981
23 1 -.051908794342946124
25 1 -.0037187505470989988
26 1 .017211631144031965
27 1 -.019006913285730346
28 1 -.005146257945988856
29 1 .005558732038337584
31 1 -3.1253372936944093
32 1 -4.12347617539467
34 1 -1.4788610261014432
35 1 -1.410420866692239
38 1 -.0006267168812906511
39 1 .010711007734855678
40 1 2.157593320010738
43 1 2.430766493806069
44 1 -.0029547781787638144
45 1 -.0024388822344648606
47 1 -.002012097656029532
48 1 5.263081914744934
52 1 3.138046931767912
54 1 .03254903275050043
55 1 -.0004309102633862939
59 1 .0299082560536609
60 1 -.0009526346248658588
63 1 -.0970107012508609
67 1 4.220169375141251
