%%MatrixMarket matrix coordinate real general
68 1 19
1 1 -1.747950925800522
2 1 .39296301487422663
3 1 .010738157281585446
4 1 .12998822137779173
5 1 .02548380909586892
6 1 -3.598126749693902e-05
10 1 .056168748037442935
12 1 .08847632102898806
13 1 .00014670340873976015
14 1 -.09739571110295493
17 1 2.388855791035595
27 1 -.003565162590424982
31 1 -.00033953031143363815
34 1 -2.5157270124647733
35 1 -3.181097502401925
36 1 -.7581804417947154
60 1 .00429570498373866
63 1 -.044155357009204914
68 1 .1822469444316901
