%%MatrixMarket matrix coordinate real general
68 1 20
1 1 .9533532029005594
2 1 .5325700108491925
3 1 .006193472512846587
4 1 .17607529414874917
5 1 .01778804263786852
6 1 -.0015675209064815016
8 1 -.011372117627950144
9 1 .001127188818058355
10 1 -.005446340053438685
12 1 .21509659079463056
13 1 .0005041078540397677
14 1 -.20056424382782748
27 1 -.0006057199563204146
31 1 -1.5789414084303455
32 1 -1.597642531044521
33 1 -1.8445909322366847
35 1 -3.3311325561367258
36 1 -.6155985102647693
60 1 .0011132306959646138
68 1 1.8232302483829927
