%%MatrixMarket matrix coordinate real general
68 1 26
1 1 -3.663025713265875
2 1 .6425484238829705
3 1 -.0021748412814121877
4 1 .045659723167184425
5 1 .000274389184450483
6 1 -.008713476550410831
8 1 -.04733298853396923
9 1 .01741047364852593
10 1 .17825817284170742
11 1 -.0009742259718742868
12 1 -.058497738980932565
14 1 .0016409176649712152
16 1 .014170630758436855
17 1 4.703441678443524
21 1 -.00039041009133742503
30 1 -.014120440131873684
32 1 -.051602463140175345
33 1 -.05464013702677755
34 1 -3.2894329610634476
35 1 -.9802759026170725
36 1 -.1758831106571153
37 1 .0006364190718555834
39 1 -.8371162264222124
56 1 -1.1606237557167844
63 1 -1.205454451895011
66 1 -.022000318366379567
