%%MatrixMarket matrix coordinate real general
74 1 47
1 1 -.6733409467273086
2 1 .6372631443157971
3 1 -.02068863073310596
4 1 .4037691214519439
5 1 .00033805649053098323
6 1 -.03103373715886476
7 1 .0031673179740069344
8 1 -.013090388775496538
9 1 -.006216235281679132
10 1 .07947600352356436
11 1 .009485150256224824
12 1 .07461910135368077
13 1 .023390506103096616
14 1 -.12158923839513977
16 1 -.02605354217504479
17 1 -2.4388396726527097
18 1 -.6507491601220304
19 1 -.008955177039563911
20 1 -.34452090692864673
21 1 .028552575208289008
22 1 -.026247378381495098
25 1 -.43245407959410886
27 1 -.12110748196567919
28 1 -.04722907403230263
30 1 .026178445610951662
31 1 .1480988866226105
32 1 1.3823104811724136
33 1 .8155648469229899
34 1 .5048542774026547
40 1 -1.5950671485908556
41 1 .7616382755518637
42 1 -2.8156123234693555
45 1 .024023461674505954
47 1 .028113769667539926
50 1 1.3447771884829738
52 1 .12133707894647935
53 1 .1071289908300005
54 1 .27813192865230285
55 1 .04942904396468571
57 1 -.003409093497262324
58 1 .3372864665980195
60 1 3.923199877928642
61 1 .42364874370681455
62 1 .0822731250796421
64 1 .04062977511857042
70 1 .6915123400411437
71 1 -.057376091692942985
