%%MatrixMarket matrix coordinate real general
74 1 29
1 1 -1.8731854760553333
2 1 .7650097732488898
3 1 -.021571984271610774
4 1 .30321777117888454
5 1 .020171470126745496
6 1 .09076293582676981
7 1 .041088087050316774
10 1 .15608674651761734
11 1 -8.027847838428297e-06
12 1 .165613473842052
14 1 -.071172784671247
17 1 -2.7846352924460627
20 1 -1.4821031794005726
21 1 .041598975017149244
22 1 -1.6682578847190097
24 1 -.01305610699658854
25 1 -.040310424946987236
31 1 1.3842345935311102
32 1 .7446970758531545
33 1 .43047658504150976
34 1 .2639252931529993
38 1 .001259793039959735
40 1 -.02203064347615548
42 1 -.46399638066603704
45 1 .00021312101358020863
47 1 .038334804666198735
50 1 2.496250802839882
57 1 -.04679982945086001
71 1 -9.461776528784894e-05
