%%MatrixMarket matrix coordinate real general
74 1 28
1 1 -1.1384396566602915
2 1 .5365348762838809
3 1 .006968551570249009
4 1 .23119280975047782
6 1 -.023852214192119404
8 1 -.09220714602680362
9 1 -.01195505327505715
10 1 .013290460650219528
11 1 .001501929429960037
12 1 .1969685056748643
13 1 .018008860601806276
14 1 -.1739135790156511
16 1 -.04504706410048948
17 1 -3.2871252200227254
18 1 .34389992363442934
27 1 -.03389223139681274
28 1 -.029124800973756467
30 1 .04486988733520345
31 1 1.4520215725271883
32 1 1.3837525534403443
33 1 .8959656871282217
34 1 .6143671615384972
40 1 -.20539674708490213
42 1 -2.7084652811030843
45 1 .003554233400124721
60 1 2.19290182888791
61 1 2.714319897764799
71 1 -.054143523636447324
