%%MatrixMarket matrix coordinate real general
74 1 36
1 1 -.8110692175913439
2 1 .510104075536035
3 1 -.010805113535340563
4 1 .20522430353606605
6 1 -.014421153648999194
7 1 .0003475886794936832
8 1 -.07738966572348432
9 1 -.0012888296151808542
10 1 .03553162158857916
12 1 .1254868942347718
13 1 .029470146640967105
14 1 -.19248124012017445
17 1 -3.3105247880727418
18 1 .2846344970205816
19 1 -.016129516078591925
21 1 .08385755800142145
24 1 -.04579880175133849
27 1 -.3737586420266807
28 1 -.10955032142425385
31 1 1.3811114340674244
32 1 .7547635443693594
33 1 .4909198712777504
34 1 .35245659991892253
35 1 .002196487198553989
38 1 .0433329752593309
40 1 -.07279128977038876
42 1 -3.118869488097712
44 1 .0017804941941771627
45 1 .032516115919514664
47 1 .09612257730491695
61 1 3.864261714581033
62 1 .2627455058036433
70 1 1.6170778642512293
71 1 -.0948968188766957
72 1 -.0019837911565107097
74 1 .014140238456649586
