%%MatrixMarket matrix coordinate real general
74 1 38
1 1 .23508760902497183
2 1 .6903144406432689
3 1 -.0016565027033394876
4 1 .23338919433497798
6 1 -.031954263181397206
7 1 .006078579193751291
8 1 -.035602861036991194
9 1 -.031005046474364556
10 1 .15797056351681837
11 1 .0004591708534639066
12 1 .05500228321611213
13 1 .02256915405232397
14 1 -.18251202847709244
16 1 -.0009664790917157989
17 1 -3.2293667843465426
19 1 -.0017481518722654331
20 1 -.34727299635172326
21 1 .0008183622937949981
22 1 -.171671902931782
24 1 -.0406260091992432
25 1 -.08000833256815663
27 1 -.5999793355288692
30 1 .0009751263130162661
31 1 .5189752569271678
32 1 2.0019292326123583
33 1 1.3504145370012361
34 1 .9644485032544243
38 1 .004567631986545524
40 1 -.0037637747484025024
42 1 -3.812124552910985
45 1 .013474501199037793
47 1 .07791643959312113
50 1 1.4899181522249085
54 1 .06207027575762574
60 1 .8175856591858749
61 1 .005976619155309146
62 1 .06770435017216288
71 1 -.04351581275418316
