%%MatrixMarket matrix coordinate real general
74 1 24
1 1 -1.1384116614762396
2 1 .6968872620396542
3 1 -.00044038790916116983
4 1 .18740784677704544
5 1 .007924970055046674
6 1 -.028808791608113574
7 1 .02987895821899233
8 1 -.03174420787697166
10 1 .11960204227763567
11 1 .0008002593902405278
12 1 .23125569021396114
14 1 -.2961571643373158
17 1 -2.8187074402376773
21 1 .013750378143008583
26 1 -.08892038423664953
31 1 .4652291220169956
32 1 1.2696434022168142
33 1 .6952921838566049
34 1 .4114698347103382
40 1 -.8159013203551809
42 1 -2.9895000691629705
47 1 .01560274771273306
48 1 .09662778595747408
61 1 1.7191005928467578
