%%MatrixMarket matrix coordinate real general
82 1 29
1 1 1.8659436954605795
2 1 .37269639225634543
3 1 -.055357049658489636
4 1 -.0016139731980731877
5 1 -.0038691293179932695
6 1 -.03618034781445621
8 1 -.08173520000642573
9 1 -.011803938951943116
10 1 .020797030083596187
11 1 .0373431174318072
12 1 -.07057383014462859
13 1 .003356535637741334
14 1 -.038164374059291524
17 1 .011042978692920044
19 1 -.013260048692780337
27 1 .07528544580286917
29 1 .026507343105222157
31 1 -1.6544129401731267
32 1 .012934685820081736
33 1 .29653216414822825
34 1 .29067808623434405
35 1 -.2558082349609158
36 1 -4.468544832374293
37 1 -2.583572890708837
39 1 .06110752882932548
45 1 -.08438559303280158
46 1 -.0020830990517960238
81 1 -.09790015592616869
82 1 1.3848116986605026
