%%MatrixMarket matrix coordinate real general
82 1 20
1 1 1.0123550334254174
2 1 .2873716224894597
3 1 -.0440241309407958
4 1 -.0054041515308128965
6 1 -.0007206761496923731
8 1 -.018899556905889327
11 1 .027655290991592623
12 1 -.041978929040970545
13 1 .004190625489235198
14 1 -.0674433379555828
17 1 .5369614747973038
27 1 .032165521843773956
31 1 -.639409352796939
33 1 .012514746283803902
34 1 .013521563896141765
36 1 -5.379677379573185
37 1 -1.950857963551582
39 1 .0005379592607415909
45 1 -.031750877259976745
82 1 .736796301173117
