%%MatrixMarket matrix coordinate real general
82 1 24
1 1 .8821591789642351
2 1 .5269859960884465
3 1 -.0021985881913901073
4 1 -.040572379870788856
6 1 -.01658908164589613
7 1 .00034278452066728707
8 1 -.044700852745326876
9 1 -.007223286599671531
10 1 -.01466301716935774
11 1 .004759905453221385
12 1 -.038345222066753754
13 1 .013292229021882438
14 1 -.12880571708807467
17 1 .8573495149800916
27 1 .0035833735117742926
28 1 -.00409676081106577
33 1 .2327455272765368
34 1 .23297210213786518
36 1 -5.520121223269517
37 1 -3.1337147083393333
44 1 -.04301664392131021
45 1 -.02465320214104715
81 1 -.0011615996829754409
82 1 2.946419773370104
