%%MatrixMarket matrix coordinate real general
71 1 22
1 1 2.4250331713455715
2 1 .4973596043221051
3 1 -.006020217789029987
4 1 -.002236499588373148
5 1 -.00018409508745877474
6 1 -.021166978032169454
7 1 -.02053681304402866
8 1 -.054359731754660356
9 1 -5.6960344824094785e-05
10 1 .14563188415904546
11 1 -.029221271656787454
12 1 -.00044661950551973863
13 1 -.042730786835447884
14 1 -.017849737890521414
23 1 -.015306392011431094
31 1 -6.7710995705333605
32 1 -.00613676280652561
33 1 -2.1511737460611764
35 1 -1.0158861257399803
38 1 .02427977702436604
40 1 .04748374854194576
42 1 .004251210877034978
