%%MatrixMarket matrix coordinate real general
54 1 33
1 1 7.379733534010615
2 1 .35426269887055384
3 1 .02839284348963643
4 1 .12462033389486003
5 1 .04361595426766803
6 1 -.03577398284712848
7 1 .018096107496043002
8 1 -.06903328544019383
9 1 .030681648575522726
10 1 .06833782108359512
11 1 -.023948596217564306
12 1 -.10554583456009832
14 1 -.17619315526825202
16 1 .0014819148940982446
18 1 .009991860363384895
19 1 .026865697752717042
23 1 -.03527933749842806
25 1 .09978808943087775
27 1 .07919195165254929
28 1 -.09813253857104229
29 1 -.018643351834453047
30 1 -.0014870731709958043
31 1 -6.149421218072516
32 1 -5.01790529789129
33 1 -1.086659419410774
37 1 -1.0460062973574025
38 1 -1.167967224382497
39 1 -.03858319555798502
43 1 -.12485885922078
44 1 -.005904912603346563
48 1 1.1335671964444896
52 1 -.06234611487782326
54 1 2.2137805329194085
