%%MatrixMarket matrix coordinate real general
54 1 26
1 1 2.230121286015767
2 1 .5323450871115227
3 1 -9.656007171222647e-05
4 1 .17029209519799327
5 1 -.012575819607768542
7 1 -.004163929356950652
8 1 -.003898108515010952
9 1 .0053248365387433124
10 1 -.10171110321472462
11 1 -.016595976230701213
12 1 -.02164233784016769
14 1 -.1447958445485939
17 1 .037190410065004016
19 1 .0469381784774728
20 1 -.2538322192459242
25 1 .018571020047442422
27 1 .013795566638476413
31 1 -.034272601232292255
32 1 -5.450739114074943
33 1 -2.9536831437396605
36 1 -.7497118892273857
39 1 -.0020110397775854557
43 1 -.07994151198141855
45 1 .09810011146185618
52 1 -.022260439780824544
54 1 .19002314248777813
