%%MatrixMarket matrix coordinate real general
54 1 32
1 1 7.447664131978687
2 1 .24760301873826385
4 1 .18247434494441564
6 1 .019717055996330415
8 1 -.009385725773196756
9 1 .012668018836939328
10 1 -.12694514036621404
11 1 -.06628771440122543
12 1 -.056407732439315406
13 1 -.015363381071400931
14 1 -.1368932410689873
16 1 .03950235790659902
19 1 .07967738541862955
20 1 -1.5332606541589324
21 1 -7.20875961749335e-05
23 1 3.774157457135217e-05
25 1 .1653064471381549
27 1 .15969219948570262
29 1 -.0015720182247895265
30 1 -.03939167684031199
31 1 -3.333237735362294
32 1 -5.954960512088149
33 1 -1.8371312542721094
35 1 -.04995708717197336
36 1 -1.6338248378999298
37 1 -.09272385504929134
38 1 -.002013684160173467
42 1 .0016466475387020797
43 1 -.27373361313363803
45 1 .016402028687427725
52 1 -.07185603605138434
54 1 1.8424065116103847
