%%MatrixMarket matrix coordinate real general
54 1 24
1 1 5.152417008812085
2 1 .34068778248495873
4 1 .14047108615567053
6 1 .019942548495220414
8 1 -.024454726894703273
10 1 .03467701162525303
11 1 -.03663275744434659
12 1 .024429412383113344
13 1 -.014259514016143391
14 1 -.27434688734859103
25 1 .07353853635428753
27 1 .058517183076801337
31 1 -4.492007323134404
32 1 -4.510615085120322
33 1 -1.0130627855104617
35 1 -.010366543621312105
37 1 -1.7881430272190826
38 1 -1.0861692728770005
39 1 -.0008232723268057705
41 1 .008816245924749678
42 1 .005172799529420059
43 1 -.009023919777855249
52 1 -.00011599026988173007
54 1 .6823831878391462
