%%MatrixMarket matrix coordinate real general
54 1 28
1 1 3.758520072431266
2 1 .46259582596898075
3 1 -.01770147746078947
4 1 .05564706663690368
5 1 -.07458085542535042
6 1 .16796230227643946
7 1 -.08207463279998777
8 1 .016169405504307444
10 1 -.2096005276394992
11 1 -.03595364829228464
12 1 .07586471197348318
13 1 -.001872502155714927
14 1 -.13875694158792146
17 1 .5178471953367332
19 1 .0017841025473904154
20 1 -1.4174962869342314
25 1 .05285781305684956
27 1 .04532909916916958
31 1 -.38545451719559304
32 1 -3.765093585024087
33 1 -4.177735906363457
36 1 -1.8502316867418378
41 1 .004283855833540755
42 1 .0037376182243915638
43 1 -.021343735163508744
45 1 .33662491053320903
52 1 -.028437679266288395
54 1 .009412159648560575
