%%MatrixMarket matrix coordinate real general
54 1 31
1 1 7.089464235664117
2 1 .4067796439458558
3 1 .0012420453864575502
4 1 .06559102713289884
5 1 -.020431242252989177
6 1 -.0025073562434994178
7 1 -.03789503828064833
8 1 -.012386029685749825
9 1 -.0034252708133031265
10 1 .011808274269930962
11 1 -.02248103043616162
12 1 .00306829931415101
14 1 -.12819409682892663
19 1 .015895153712839262
20 1 -1.7115747147930516
25 1 .08538794663514476
27 1 .07093976380816187
28 1 -.014459416581021131
29 1 .05069749139458508
31 1 -4.821264765807234
32 1 -3.963329773317147
33 1 -1.255204196218853
36 1 -2.0177861635234167
38 1 -.8676900042488809
41 1 .0036094988075307676
42 1 .0015636728029060816
43 1 -.05799805296624604
48 1 .4717237135468189
49 1 .05995091248839954
52 1 -.006559040094545316
54 1 2.9124105594543184
