%%MatrixMarket matrix coordinate real general
54 1 24
1 1 4.97898542513735
2 1 .15273604257853043
3 1 .03351002656742915
4 1 .22170144009474357
5 1 .005789581463808627
6 1 -6.6073639406870976e-06
7 1 -.00030310324425004016
9 1 .009646031413213328
10 1 .011838956897234423
11 1 -8.471442238254313e-05
12 1 .09990764765447119
14 1 -.23480240888400028
25 1 .0027395515973597895
27 1 .0006054750277754598
31 1 -6.518276636222903
32 1 -3.3410775106905626
33 1 -1.2382926404791432
37 1 -.18664248444906556
38 1 -1.141449016525357
39 1 -7.328979721292185e-05
43 1 -.008321059493960491
48 1 .07135242552768684
52 1 -.010280776026069317
54 1 2.3268328108912297
