%%MatrixMarket matrix coordinate real general
65 1 24
1 1 3.2555863910158536
2 1 .6497104521334801
3 1 -.010155188925379395
4 1 .0960340819366254
5 1 -.015501614450658069
6 1 .04176101878245968
7 1 -.02097888337371574
8 1 -.05831660486078032
9 1 -.00018522999730582408
10 1 -.016948094625522186
11 1 -.0007226508504031102
12 1 .05147352934352396
13 1 -.0013195772132843658
14 1 -.1129671022785541
31 1 -5.22851161788744
33 1 -4.284488976568839
34 1 -.45259722669133395
38 1 1.29085973002966
49 1 -.09392207748193647
50 1 -.0065372464669122415
51 1 -.46141831028502955
53 1 .0014384839257394794
63 1 .8416667163658355
64 1 .1270062641350824
