%%MatrixMarket matrix coordinate real general
65 1 21
1 1 .08311145757731797
2 1 .5844418371213553
3 1 .003665174005761933
4 1 .009626896856234126
5 1 .0016404842185651545
6 1 .004211964677495869
7 1 .00026147747411414267
8 1 -.009988175127852666
10 1 -.0005904060017448421
11 1 .007960572404451272
12 1 .021582652360243666
13 1 5.159039392415331e-05
14 1 -.15242381015032172
16 1 .002678572704123126
19 1 -.0010373813455507497
30 1 -.0026606064409036155
32 1 -.2362663220564428
33 1 -4.757744381198207
34 1 -2.158396736417669
50 1 -.023216812808011102
64 1 .43415554325506117
