%%MatrixMarket matrix coordinate real general
65 1 21
1 1 .5783124871289065
2 1 .49779919402364126
3 1 -.00096650718001348895
4 1 .044614438657892455
5 1 .0034120461650138743
6 1 -.024914212056163138
7 1 .014900933557075871
8 1 -.03242290730207773
10 1 .0028282312236299857
11 1 -.00024974707388170726
12 1 -.025909341108718665
13 1 -.01478038487266522
14 1 -.0703442998321417
23 1 .007177051286617588
25 1 -.0010173825393655072
32 1 -.004163638205269205
33 1 -4.677959187328617
34 1 -3.1206154281417096
50 1 .00633998297153346
51 1 -.026736078877355927
64 1 .12001438045035928
