%%MatrixMarket matrix coordinate real general
66 1 21
1 1 -.10680541441936331
2 1 .12567748955514585
3 1 .009015285407650097
4 1 -.024336937825788867
5 1 .021017831147980108
6 1 -.05340806752407322
8 1 -.0828141251766911
9 1 -.005485698409010015
10 1 .047232101454916936
12 1 -.0020257354032484306
13 1 -.0009189548440025069
14 1 -.08854629802253637
16 1 -9.716507212278254e-05
17 1 1.0240347295644598
28 1 -.019071091075246367
30 1 .00010259839672268547
31 1 -3.642075613966672
32 1 -1.633027758901376
33 1 -1.7959846416990985
58 1 1.2603529659465664
63 1 .03958364153687491
