%%MatrixMarket matrix coordinate real general
66 1 22
1 1 .20968328965293725
2 1 .5011035407146138
3 1 .029169572235821575
4 1 .020631118762094714
6 1 -.011923177933300558
8 1 -.04914364737781403
9 1 -.01057655101206664
10 1 .033124304866013365
11 1 .002819960307218899
12 1 .007194342591815334
13 1 -.04885941754916029
14 1 -.07509688576529791
17 1 .48480695406406143
28 1 -.0035237622479542662
31 1 -3.362529628474365
32 1 -3.4846834590951197
33 1 -1.044337583816253
37 1 -.8646094822458836
47 1 .0009072987575724818
53 1 .018776391101911153
63 1 .05821934904698781
66 1 3.6045545293203345
