%%MatrixMarket matrix coordinate real general
66 1 38
1 1 1.198274340092376
2 1 .25052591660345064
3 1 -.024510823582594255
4 1 -.12363002080051776
5 1 .015149987526377534
6 1 -.05512707417356365
7 1 .00012273976715603487
8 1 -.14529688097972596
9 1 -.1448862393436027
10 1 .027859225512377028
11 1 .0005259455060775056
12 1 -.08436419504100774
13 1 .016613130729603166
14 1 -.19049598478892485
16 1 -.011673867738962023
17 1 2.2130285125921216
20 1 .010570494833912621
23 1 .16643909528792913
25 1 -.06106409495447868
26 1 -.06173937130707578
27 1 -.013841175708898017
28 1 -.04278974480198265
29 1 .0020064907106498264
30 1 .01174637920301591
31 1 -4.01350578544957
32 1 -3.8565639704048786
33 1 -.1526035239320679
45 1 -.05881672955860909
48 1 -.05429185517640542
50 1 -.0009428659631871621
52 1 3.8446144680898895
53 1 .019829036243505602
55 1 3.797543150575414
57 1 .8834122730941874
60 1 -.016593805762432298
61 1 -.0078187641555351
62 1 .49976026313879446
63 1 .3661124251692402
