%%MatrixMarket matrix coordinate real general
66 1 21
1 1 1.518261163212859
2 1 .3394521532812908
3 1 .01551055336880569
4 1 -.008873490192339914
5 1 .0032753626080950105
6 1 -.054625759987528576
8 1 -.10383806605547409
9 1 -.06918199054646866
10 1 .05681447452238764
12 1 -.01094443697412144
13 1 -.02434704312817572
14 1 -.18985934588994516
17 1 .27966497630693005
26 1 -.013742550675062262
28 1 -.026191824738361374
31 1 -1.355189900587376
32 1 -7.156080689804779
33 1 .08052137558954796
53 1 .01411469984097915
63 1 .006524667794084006
66 1 2.4385800216500044
