%%MatrixMarket matrix coordinate real general
66 1 33
1 1 -2.0629066992169705
2 1 .4963177510189911
3 1 -.009646178775922942
4 1 -.04517302739819803
6 1 -.010653101107353437
7 1 -.001831654264752954
8 1 -.0834118097420127
9 1 -.030770870466569955
10 1 .12132775534558789
11 1 .009510284213744913
12 1 -.0699101525534217
13 1 .0022847667666128836
14 1 -.03321906018723965
16 1 -.00768773721325641
17 1 4.5468210730504355
25 1 -.0013372810385345693
26 1 -.0016110046730372098
27 1 -.015995718316551576
29 1 .0030671711860915892
30 1 .007658679713691912
31 1 -3.966557999408394
32 1 .1501322430976465
33 1 -1.4133121264155784
48 1 -7.530853752684124e-05
49 1 -1.0693033730066897
50 1 -.003071495643972288
51 1 1.982260941705114
55 1 .13076168100272875
56 1 .015833155822705846
58 1 .0024388640455061624
60 1 -.004820110326422099
61 1 -.01091003888802526
63 1 .035644748307011774
