%%MatrixMarket matrix coordinate real general
66 1 35
1 1 1.6877523588734293
2 1 .3932120395589268
3 1 -.004129003344989873
4 1 -.08522473098210935
5 1 .01693410260251131
6 1 -.040974710900571795
7 1 -.03199901838534222
8 1 -.20841125036998293
9 1 -.13916446983804592
10 1 .008471949925534843
11 1 .012157992648357444
12 1 -.017121241293137808
13 1 -.0060828831288337335
14 1 -.06946026241129839
16 1 -.03845223253142829
17 1 2.3594881958650817
21 1 -.41865446754818525
25 1 -.19316153734390482
26 1 -.1344111407877501
28 1 -.1620982619487379
29 1 .009183141873126207
30 1 .03824221406571528
31 1 -4.117817035286234
32 1 -2.859626565973536
33 1 -.9011489562136041
37 1 -2.025002089374509
47 1 2.2675465336260774
48 1 -.18925521166742343
49 1 -.6909970775394188
50 1 -.0025850357799031575
53 1 .11828920155162259
58 1 5.672691318468325
60 1 -.01991397608956104
62 1 1.3314588883463478
63 1 2.143221884735393
