%%MatrixMarket matrix coordinate real general
66 1 36
1 1 -3.2391682233708137
2 1 .7276478971300137
3 1 -.009495046479064257
4 1 -.011951860293020667
6 1 -.08651210765695541
7 1 -.005847478959790323
8 1 -.16701519987780078
9 1 -.03857647209328454
10 1 .100197229722437
11 1 .006314681149831594
12 1 .126506399827111
13 1 -.014401360178558429
14 1 -.056293888324256657
16 1 -.005080725065396947
17 1 3.448763647327415
20 1 .20161956847364954
25 1 -.004440955863867208
26 1 -.020590403443959047
27 1 -.0007037251736972734
28 1 -.05762740459255021
29 1 -2.5323923508778677e-05
30 1 .005092433569365118
31 1 -3.0799201901839846
32 1 -.7136881489313376
33 1 -.35255359363746747
37 1 -2.0333237175190946
47 1 .5326090888789922
48 1 -.001507364752178393
50 1 .005016975630053626
52 1 .17190975139632536
53 1 .09079207714680047
54 1 -.10865017990812566
55 1 6.38012400011261
57 1 .014595652340274566
60 1 -.021304577644106
66 1 -.4455010320980656
