%%MatrixMarket matrix coordinate real general
70 1 28
1 1 -.6482351120480363
2 1 .41985777679704067
3 1 .005111735269714315
4 1 -.04295510562778689
5 1 .0641231344173442
6 1 -.08582492753201632
7 1 .00031827218994065975
8 1 -.1328894685300471
9 1 -.012159784184241273
10 1 -.02062834929729814
11 1 -.0007569692166142303
12 1 .12493063980069165
13 1 .13291418094987242
14 1 -.09847990796420143
17 1 2.972030120803968
25 1 -.12862918505118864
27 1 .49601347076650076
28 1 -.006479478111338009
31 1 -2.6774500317362935
32 1 -2.75012931226283
33 1 -1.0823384000416278
47 1 .0009843593845370018
56 1 .06860254559535994
57 1 -.07084830927212546
64 1 -.02824977609506501
65 1 -.08165136988528685
66 1 -.3149859320578592
67 1 2.6471961328386593
