%%MatrixMarket matrix coordinate real general
70 1 27
1 1 -1.098404218064248
2 1 .37697334280993056
3 1 .018735806895897683
4 1 -.0292407977778697
5 1 .049964899820891105
6 1 -.04799998846416162
8 1 -.01806807595450854
10 1 .024808128455482154
11 1 -.00457373736208861
12 1 .09314089965893949
13 1 .002946258448426025
14 1 -.08042457204129225
16 1 .10855604387492747
17 1 2.6678348500763134
23 1 -.034933709850141485
25 1 -.08350782393851915
27 1 .15421787823972247
28 1 -.012813895891494509
29 1 .010863861596008096
30 1 -.10774298411255076
31 1 -1.607819989168022
32 1 -1.7695149602697962
33 1 -2.393199499179983
55 1 -.8502340698605554
56 1 .005801351142507705
61 1 -.5548333910515151
68 1 -.45543747558263714
