%%MatrixMarket matrix coordinate real general
70 1 19
1 1 -2.957053542510841
2 1 .3435962108318649
3 1 .0035814997342907178
4 1 .24429530924795592
5 1 .08770078682019708
7 1 .002069935543047745
8 1 -.01921987820810753
10 1 .041936666799723285
12 1 .13184772300138192
13 1 .030740792782681013
14 1 -.03294048110759834
16 1 .005598639511432474
17 1 1.4808996574818758
25 1 -.015639663872832377
27 1 .005115676900537954
30 1 -.005461435752334563
31 1 -1.2260373686567183
32 1 -2.0994651514522458
33 1 -.8471589100355051
