%%MatrixMarket matrix coordinate real general
71 1 31
1 1 .7999511141419884
2 1 .4919933997616533
4 1 .10575373486612041
5 1 -.0477945446612593
7 1 -.06121889787965997
8 1 -.018024888990481172
9 1 -.008891188022417614
10 1 .002472763386452841
12 1 .01564142335041602
14 1 .0009065179505560436
17 1 .6399214011581369
19 1 -.08761863142434989
21 1 -.0371698525102242
22 1 -.06286417669386844
30 1 .021379661349200822
31 1 -.14660789959813655
32 1 .08709342657695587
34 1 .036645492884490045
35 1 -1.0897461720746318
36 1 -.9029095822775133
37 1 -.37680057666941436
38 1 -5.10467415902338
40 1 -.5418571185232246
42 1 .03593017246918879
44 1 .00040089419111221855
46 1 .011039876295744688
54 1 -.27885831746643985
58 1 .3924184591163744
61 1 -.20873571177449765
68 1 -.15591157056394309
71 1 .007213684113268844
