%%MatrixMarket matrix coordinate real general
71 1 42
1 1 2.119562883459187
2 1 .4117364308753952
4 1 .010599669888633598
5 1 -.024175433333676718
6 1 -.06581567090208003
7 1 -.08818533702411856
8 1 -.1264235374767271
9 1 -.04199104545671324
10 1 -.10198799213237243
11 1 6.814339207889282e-05
12 1 .04899502598802887
13 1 .0014591484210278354
14 1 -.054189068174160714
16 1 .14613133888029445
17 1 2.9117120260551825
19 1 -.41961130129095187
21 1 -.9843174392645316
25 1 -.06528172328434441
27 1 -.47064726348932645
29 1 .1457033898600109
30 1 .01676908916591695
31 1 .006407323863928474
32 1 .4065192350518381
33 1 -.07082262482479772
34 1 .9604826473716519
35 1 .035466877688260894
36 1 -.0209000555924263
37 1 .00012017010338756433
38 1 -7.738874958813399
39 1 .40558930840265117
40 1 -.9970897017207296
42 1 .028332662223049285
44 1 .09938042177305281
46 1 -.1139962580376911
50 1 -.008936869437406118
53 1 -.05552579044982319
55 1 -1.1586849849422398
56 1 -.16438980168064643
58 1 1.9293295938383115
60 1 -.15520123633420574
65 1 .06451204690458813
66 1 -.03610375875306724
