%%MatrixMarket matrix coordinate real general
71 1 43
1 1 2.816722923251235
2 1 .5571498205250975
3 1 3.5728413373827274e-07
4 1 -.02751971658613105
5 1 .00047326759257676655
6 1 -.03537252412891856
7 1 -.05247384699939678
8 1 -.06568613688174223
9 1 -.00736964391233295
10 1 .09672055015375235
11 1 .03352924511568942
12 1 .07793783954958938
13 1 .06239123755958536
14 1 -.03253107993572704
16 1 .3041070448888971
17 1 .17502022839221845
19 1 -.25181991389932046
21 1 -.6944134421276084
23 1 -.000888693912787635
25 1 -.009452938694579102
28 1 -.031662714566577016
29 1 .3027249768622285
30 1 .006349070192136113
31 1 -.03407699791683294
32 1 .24466974939435496
33 1 -.43253734891450446
34 1 .681849035957265
35 1 -.5377133712017
36 1 -1.4233908485091848
37 1 -.7319032610691436
38 1 -3.3842595494176337
40 1 -3.424491145859598
41 1 -.07940397846001644
42 1 .019486695457576503
44 1 .1690876736552676
46 1 -.18249282774516634
50 1 1.5281784249125872
53 1 -.1555225420052896
55 1 -1.270212518020288
58 1 1.3475091710969764
65 1 -.011153616815431734
66 1 -.04099099562615972
71 1 -.17482045001312305
