%%MatrixMarket matrix coordinate real general
71 1 23
1 1 -3.448790862604577
2 1 .7324962507077526
3 1 -.0011697376714511355
4 1 .1585115970996293
5 1 -.000603822718577393
7 1 -.009816407028548751
12 1 .10707042801362861
14 1 -.0022454696184924516
17 1 1.5433860832060164
19 1 -.059096419039322175
21 1 -.025894878151575568
25 1 -.009596858414533026
31 1 -.03605903382603809
32 1 .058851907428179855
33 1 -.051684380208667585
34 1 .025682129792258077
35 1 -.17462306735121708
36 1 -.37199893501226083
37 1 -.29759398237377754
38 1 -2.411991431223389
40 1 -.8726079201782547
44 1 .06455610850198587
58 1 .19706397452624957
