%%MatrixMarket matrix coordinate real general
71 1 34
1 1 .12164950901856475
2 1 .6132469198277671
3 1 -.014345493458031412
4 1 .03315412271896917
5 1 -.013703439608271698
6 1 -.034997226387453714
7 1 -.07395045707705708
8 1 -.020642024891941436
9 1 -.006105574007305595
10 1 -.10815245503795975
11 1 .003209364915181659
12 1 .05068717000261581
13 1 .0004475246492657554
14 1 .04811206936992262
16 1 .011632725423300998
17 1 .93107326754627
19 1 -.1242906326533938
21 1 -.3520059965902446
25 1 -.04463595938832201
29 1 .011580451953834775
30 1 .014802243452084845
31 1 -.06471118692409071
32 1 .12262311576716081
33 1 -.3744339419891961
34 1 .349289976601517
35 1 -.418669006208923
37 1 -.4181517072497473
38 1 -4.088653581408557
40 1 -1.9769352564645104
42 1 .030391662274647735
44 1 .13212747658967552
50 1 .4251450471802464
58 1 .42923233546747624
65 1 .04442926704129534
