%%MatrixMarket matrix coordinate real general
71 1 38
1 1 .19235064279239378
2 1 .5122122975693026
3 1 -.028454127379224016
4 1 .11170595294080185
5 1 -.030266376787664397
6 1 -.01810619327012185
7 1 -.08999088158859563
8 1 -.07863281340933584
9 1 -.043096921853960295
10 1 .1078083702681149
11 1 .00102397114143568
12 1 .08333153533445964
13 1 .02049067635691803
14 1 -.005701313091731859
16 1 .0766485876056777
17 1 .4739187102504686
19 1 -.10067761383378007
21 1 -.4181522123182271
25 1 -.012114746280005749
29 1 .07622857176100426
30 1 .06704041031770644
31 1 -.02963407717260383
32 1 .0971345331696792
33 1 -.5221132574913385
34 1 .4112920127824177
35 1 -.7240298120099147
36 1 -1.1423761786846685
37 1 -.9034363399514608
38 1 -2.0765748138073983
40 1 -1.6957306441941318
42 1 .09187968993737976
44 1 .2837418792798363
46 1 -.03714155308926952
50 1 .17837396394982277
53 1 -.01219080316512799
55 1 -1.713581531732874
58 1 .8331885436373385
65 1 .011144531693782366
