%%MatrixMarket matrix coordinate real general
71 1 22
1 1 -.8910666528207436
2 1 .6569078147339428
4 1 .12260242119655285
5 1 -.0007238050127068443
7 1 -.023149082088870537
9 1 -.000257668108591444
10 1 .11996402568995938
11 1 .037667458226530184
12 1 -.0008676270383484366
13 1 .0163935738871261
17 1 .1583033903938143
22 1 -.06566793385080874
31 1 -.14294680307442045
33 1 -.0015047970277900571
35 1 -1.458288241094846
36 1 -.48356842363993247
37 1 -.8494575823111251
38 1 -1.6071883576903045
40 1 -2.1694845860918837
42 1 .004263078712106411
51 1 .30692176428778084
65 1 -.000594673258613235
