%%MatrixMarket matrix coordinate real general
75 1 35
1 1 -2.3841771365079536
2 1 .5062599468637018
3 1 8.200996262759792e-06
4 1 -.0687252770779404
5 1 -.0006636455337693159
6 1 -.1644824003713724
7 1 -.08705586456215636
8 1 -.21653043668350094
10 1 -.0054318816370259185
11 1 -.001744965621605472
12 1 .048927828712841306
13 1 .0005514134552367773
14 1 -.015849486380689937
16 1 .014241880753874857
17 1 5.080091629726188
19 1 -.06904102025557969
21 1 -.5595963876206932
25 1 -.09076737288332369
27 1 .6901052165034681
28 1 .0010622785195314186
29 1 -.0034995225430034796
30 1 -.014225540992831048
31 1 -2.50645083407929
32 1 -.6599674035054671
33 1 -.7474736573650005
35 1 .07100831825236044
48 1 .5828565992879301
50 1 -.05770545228711359
51 1 -.07129524394175009
56 1 -1.2629508777853797
57 1 -1.3142668593613396
66 1 -.0008466028069748184
67 1 1.1145145388946813
69 1 1.535566692524208
74 1 2.191524991461192
