%%MatrixMarket matrix coordinate real general
75 1 40
1 1 -1.9100330147735702
2 1 .40896604102251655
3 1 -.019912177264939563
4 1 -.0740470445937639
6 1 -.059118830358296445
7 1 -.006214752578217828
8 1 -.15707525134988337
9 1 .012740446541640582
10 1 .04265513435793764
11 1 -.09960677636371751
12 1 .014775227069317984
13 1 -.04446142401803092
14 1 -.07619348355491941
16 1 -.023723896939648922
17 1 3.5009146710949786
19 1 -.14832541677289537
26 1 .02489850467932307
27 1 .004749962436777396
28 1 -.03674055521317547
29 1 -.00023588471154421944
30 1 .023372722204454622
31 1 -.9117858370609485
32 1 .02327469860768891
33 1 -4.183894426936375
35 1 .11167413975572087
49 1 -1.3654500479573977
50 1 -.4893268508976107
51 1 -.03224533719207868
52 1 -.0003210131682552029
55 1 .011638765057862798
56 1 -.9130960919103649
57 1 -.8926258194238502
60 1 .004277618436838355
62 1 4.458410804438164
66 1 .1594664841862406
67 1 3.0648314536528765
69 1 .22042902221278848
71 1 1.1492621029452252
73 1 .635361589847823
75 1 .24571125050149728
