%%MatrixMarket matrix coordinate real general
75 1 21
1 1 -1.292925161302695
2 1 .46332038925957264
3 1 -.03133624273723493
4 1 .025465697388474387
6 1 -.0447183845223071
8 1 -.03582108766391691
9 1 .008661956927252823
10 1 -.034690373739886315
11 1 -.0151813532905397
12 1 .03997442938332771
13 1 -.0015220979890122473
14 1 .002087389000198512
17 1 .002735878755608767
19 1 -.09656266381143878
25 1 -.000618575455218132
31 1 -2.9736117375907254
32 1 -.27219689630451943
33 1 -2.0797092458707542
35 1 .09646213608297052
62 1 .5336980685466418
66 1 .0007568175913314014
