%%MatrixMarket matrix coordinate real general
75 1 31
1 1 -.00537314909625497
2 1 .45719692575385834
3 1 .008412610272071833
4 1 -.020196979676237396
5 1 .02543508857102709
6 1 -.1012581803078812
7 1 .0006290547156284367
8 1 -.13102050809422888
9 1 .002177416320889231
10 1 .1198448768497193
11 1 -.022501794835231615
12 1 -.10479554824432041
13 1 .00072918756020501
14 1 -.12751435290926635
17 1 2.1395687588123247
19 1 -.08022374528900667
21 1 -.5984151054468312
25 1 .00872603782094253
27 1 .2984818600495252
28 1 -.014416697289954521
31 1 -1.864242945339267
32 1 -3.4074903815586084
33 1 -1.0061171196060386
35 1 .042954359357021625
48 1 .574064546951182
49 1 -.414981768153413
56 1 -1.1015316672153201
62 1 2.394247996956388
64 1 -.014577997954353147
66 1 .040665620514584506
67 1 .03730531397258902
