%%MatrixMarket matrix coordinate real general
73 1 24
1 1 1.3533661645013924
2 1 .27918136037445346
3 1 -.06146240556249503
4 1 .1238625531464964
5 1 -.008609522573534065
6 1 .010820165378608368
7 1 -.012414155298948472
8 1 -.009386386068493971
9 1 .05319315514507635
10 1 -.04717344543855366
11 1 -8.099502435998322e-05
12 1 .026048639507390947
13 1 -.000498945923542542
14 1 -.10764857671415305
17 1 .3411350230306841
19 1 -.0040872013100813195
31 1 -4.914408746932364
32 1 -2.4124001270593722
33 1 -1.1185264998740403
37 1 1.0850041282636695e-05
66 1 3.4480372143834515e-05
68 1 .7860074062158395
70 1 .32276050474503465
73 1 .7241190179052972
