%%MatrixMarket matrix coordinate real general
73 1 22
1 1 2.013568410171106
2 1 .5801546213685896
4 1 -.012782492742568239
6 1 -.014547243145678223
8 1 -.029604015141007346
9 1 .04927161864088674
10 1 .0069018763196495685
11 1 .0005374862650868267
12 1 -.03993265481030304
14 1 -.04661176226489855
17 1 .9216747445193637
19 1 -.010166763531534118
20 1 -.45174256938535634
21 1 -.0018718462316551874
23 1 -.764171909631872
25 1 -.32063520393738887
31 1 -3.495847150450676
32 1 -3.0577815604840204
33 1 -.9257543964319795
66 1 .9177085644645886
67 1 -.0055227134315992705
73 1 2.0527168424134548
