%%MatrixMarket matrix coordinate real general
73 1 37
1 1 .6416473692580036
2 1 .6929442173413238
3 1 -.064341769496312
4 1 -.047223419105657485
5 1 -.008427029901424753
6 1 -.02123741096044162
8 1 -.04431832584677074
9 1 .012247096337271822
10 1 .06786444920481224
12 1 -.0293395493854186
13 1 .00038193374691231286
14 1 -.08941808877793582
16 1 .10972121213862752
17 1 2.388754134002592
19 1 -.059873346190345005
20 1 -.9635144998776912
21 1 -.008532896070825493
23 1 -.36817595921293855
25 1 -.1161641398406783
29 1 -.0280618306397022
30 1 -.10917897585483445
31 1 -1.9518618044897516
32 1 -2.820711438764184
33 1 -1.431254350191803
35 1 -.038593770664847656
37 1 .43183775040761135
39 1 .1370503705453832
50 1 .5800114355428762
55 1 .4803237919320223
59 1 .015926843762105423
62 1 -1.4907947470628713
64 1 -.2077329419773176
66 1 .43920120863595963
67 1 -.46450598884118666
68 1 .02759218362906866
70 1 .022887536246397677
73 1 2.0708644575403707
