%%MatrixMarket matrix coordinate real general
73 1 27
1 1 .635197358542225
2 1 .35163145758302344
4 1 .07067929344478016
5 1 .0008036928657596985
6 1 .03858743681276009
8 1 -.01322063090615469
9 1 .06641701019584233
10 1 .16006603137295827
11 1 .005968876993797565
12 1 -.10483926331429139
13 1 .01410825547602743
14 1 -.00818835091088913
17 1 3.7197871292141578
19 1 -.010250025162759649
20 1 -1.3846911345521953
21 1 -.07868102076946884
23 1 -.38052931652108773
25 1 -.09515998421509597
31 1 -4.040874166287876
32 1 -1.5854649693597358
33 1 -.5098972559696197
50 1 -.01362166904756414
55 1 -.02512292919997343
59 1 .013364614801355437
66 1 .45371389970211906
67 1 -1.6154164832660338
69 1 -.26575933674226526
