%%MatrixMarket matrix coordinate real general
73 1 25
1 1 1.0174789851913397
2 1 .5377108922702266
3 1 -.007860739573212061
4 1 .02098777750913453
6 1 .06784485377909591
7 1 -.0016193183440725107
8 1 -.0072125513695694195
9 1 -.0012526692417667025
10 1 .06097181052617446
11 1 -.0009282415104988734
12 1 -.03239940638543928
13 1 -.0003999647228997611
14 1 -.0896361818463742
16 1 .018214163554535184
17 1 .9770618936408108
20 1 -1.7712850655714594
21 1 -.03826481415595909
30 1 -.01802794128285346
31 1 -2.006867886350658
32 1 -3.2883957130845602
33 1 -1.101049279356244
53 1 .0004965245562156836
59 1 .04438485536416644
67 1 -.6681664367756929
73 1 1.5231056762623352
