%%MatrixMarket matrix coordinate real general
84 1 31
1 1 1.308060524627459
2 1 .5465771264608682
3 1 -.008660082179108098
4 1 -.010907257968258022
5 1 -.00170185599079584
6 1 -.03947281271033564
8 1 -.07059860456304705
9 1 -.015026748334993257
10 1 .04107416069917605
12 1 -.08507425093783229
13 1 -.07872085854188679
14 1 -.061009311558763046
16 1 .11925411771350702
17 1 .7747362371031373
27 1 -.03332855292574498
30 1 .11868167249278594
31 1 -.34020513536875036
32 1 -.11496903070415408
33 1 -.11826420135488508
34 1 -.02114557875811213
35 1 -2.3003639158805567
36 1 -3.6775690303029944
37 1 -1.7130805684638566
45 1 .0026316449347565355
73 1 .00042854743540911316
74 1 -.010483854993905802
77 1 .5266195986579365
81 1 -.0007235686821231232
82 1 -.12979092658864969
83 1 1.100715088718738
84 1 -.004750773227590104
