%%MatrixMarket matrix coordinate real general
84 1 22
1 1 -.4785007173763125
2 1 .4492248697835303
4 1 .2903288837801696
6 1 -.0013860874914786057
7 1 .0011178717479854228
8 1 -.00253613671727044
10 1 .17475037248175226
11 1 -.0007678488029821287
12 1 .0661069112660296
13 1 -.06510795199083039
14 1 -.022385542018347884
16 1 .0049445234557131635
27 1 -.044346827454734054
30 1 .004921623144869934
31 1 -2.5928840113688247
33 1 -1.1758097537467156
34 1 -2.5321277533117565
36 1 -.5864448206407135
37 1 -.20584684291922148
45 1 .02309470217763053
74 1 -.021937951097093834
83 1 1.036352244311685
