%%MatrixMarket matrix coordinate real general
84 1 34
1 1 1.9945859226798301
2 1 .6461159929562442
4 1 -.0024661863409164847
5 1 .06285059966640946
6 1 -.01207698549802513
7 1 .019418653382789898
8 1 -.027182469847549406
9 1 -.013635082927356025
10 1 .05614855960230022
12 1 -.07668584428409893
13 1 -.046220100402275366
14 1 -.06323608395959317
17 1 .0025833249834218094
19 1 .45529676144145975
23 1 -.054717184032070196
29 1 .02881503626327016
31 1 -.0004041830068160141
32 1 -2.72006559096212
33 1 -.0008522436968615502
34 1 -1.9753881049667217
35 1 -.051115185012770875
36 1 -3.0695774143116417
37 1 -2.2828573828416108
43 1 -.001131708127077591
44 1 1.5421716248434743
45 1 -.015329105252269645
52 1 3.684891119557976
55 1 -.03031747640459374
56 1 2.0099054232661278
66 1 -.013790235690551487
73 1 .0022494374964628877
81 1 -.08416776930380342
83 1 3.8700344669760374
84 1 -.028034804098382545
