%%MatrixMarket matrix coordinate real general
84 1 28
1 1 2.404014078381982
2 1 .5939615254735665
3 1 .01568742192761026
4 1 .13964236562295543
7 1 .006249668773616826
8 1 -.05996283373075513
9 1 .011828697418128855
10 1 .1309040947905049
12 1 .1193181974919672
13 1 -.10083651586298278
14 1 -.013176339899601734
16 1 .010155864157693591
27 1 -.06501800529097818
30 1 .010075120251885651
31 1 -4.157003377389754
32 1 -3.9292249590371022
33 1 -1.198765324661034
34 1 .043359695088941566
37 1 -.45218520962345055
42 1 -.0515043185151926
44 1 .07903008856231714
52 1 2.0198032873294025
56 1 .030467857679933232
74 1 -.06543810294300226
77 1 .006754845973000986
81 1 -.05774688347143058
82 1 -.019273156094133024
83 1 3.072153473120757
