%%MatrixMarket matrix coordinate real general
68 1 31
1 1 2.814422579827374
2 1 .5125807893499802
3 1 .001071443416672373
4 1 -.027570326953400223
5 1 .0008384816700462821
6 1 -.036449253176085564
7 1 -3.3964734647442295e-05
8 1 -.06867135165150189
9 1 .15478773993813083
10 1 .16460010939765385
11 1 .07920861026492668
12 1 .05549609847802903
13 1 .018832433970028404
14 1 -.002902530533858675
16 1 -.0527205744206414
24 1 -.32582715292453757
25 1 .07057217973516629
26 1 -.12947613132451963
27 1 -.08878867078353515
28 1 -.27397855531238363
30 1 .052471698321536524
31 1 -3.980255433835672
33 1 -5.049440688681427
34 1 -.45863997897936065
37 1 .014461278267675468
42 1 .060666649461333634
45 1 .00254075231070256
52 1 .08902723725335225
55 1 2.6062948108043664
60 1 .14590737122324623
63 1 -2.597947754342365
