%%MatrixMarket matrix coordinate real general
68 1 34
1 1 7.474176529222984
2 1 .4711708281302804
3 1 .072949158491744
4 1 -.0576721170274889
5 1 .06153340321905334
6 1 -.1122003203399663
7 1 .03733359805993268
8 1 -.14466321248500155
9 1 -.025221623019864563
10 1 .03231812943963498
12 1 .1960534974723904
13 1 -.00013047298992007852
14 1 -.008011790871551853
16 1 -.06798938514389892
18 1 .003025195825128391
25 1 .05841232737821974
27 1 -.18100290837985727
28 1 -.16201642351267462
30 1 .06776820908997154
31 1 -3.9155178870470215
32 1 -6.345292031814492
34 1 -.008700988295223543
35 1 -.366638732923691
36 1 -1.96749736624836
37 1 -.7964558813019295
38 1 .6081224433501962
40 1 .16202179936332908
46 1 -1.8789359396092086e-05
47 1 -.03411925982799693
48 1 -.5621478016209575
49 1 -.7547304938739188
66 1 -3.1532304097001695
67 1 -.021997270420425225
68 1 -1.183549124520498
