%%MatrixMarket matrix coordinate real general
68 1 21
1 1 2.4602107485643927
2 1 .3787549724374292
3 1 .10206455871736451
4 1 -.004732890293432811
5 1 9.399612706503852e-05
6 1 -.010015891111064755
7 1 .011935334250820905
8 1 -.026472610262185003
9 1 .14860638528301304
10 1 .11828771774766948
16 1 -.03971359204428052
24 1 -.15283429380847152
25 1 .019313664423641876
26 1 -.21181136396625738
28 1 -.09188058579913105
30 1 .0395099625842271
33 1 -5.726315520140479
35 1 -.8683100769992165
36 1 -2.4608948963108834
55 1 1.4038110986291972
60 1 .22921113148144265
