%%MatrixMarket matrix coordinate real general
68 1 23
1 1 -.9606586175357874
2 1 .6885336545819089
3 1 .13598707180432218
4 1 .279294361455221
6 1 -.032032975164981076
7 1 .014052284856463594
8 1 -.010293716247293154
9 1 .03600405337037256
10 1 .10706833385362703
12 1 .23454855321674561
13 1 .009010439004470058
14 1 -.04687225392564515
24 1 -.5644601985176008
26 1 -.0008820175112053856
28 1 -.03783363542566487
31 1 -2.817034644088746
32 1 -2.1413257132977828
36 1 -.008495264801896081
37 1 -.6589945069051436
47 1 -.1723667203816916
49 1 -.2931078263405409
55 1 2.8788161066631375
60 1 .0011112354239561839
