%%MatrixMarket matrix coordinate real general
84 1 47
1 1 1.850079961112936
2 1 .21846014209791284
3 1 .014043021694347109
4 1 -.0194495338090409
5 1 .06608176104385644
6 1 -.06106549571351556
7 1 .013049241785854126
8 1 -.05668643952918486
10 1 .003114453026016609
12 1 -.05001583054899209
13 1 .011897809390661446
14 1 -.01866933282641515
17 1 1.5008898919833489
23 1 .035178157442540235
24 1 .002584908503171602
25 1 .01436960778519849
26 1 -.05504682831470939
27 1 .009015103380369793
28 1 -.0369180545967109
31 1 -.03056324560428494
32 1 -.1554243280224657
33 1 -.059040768512183
34 1 .040253923912550095
35 1 -.24197970043686706
36 1 .5919315007837325
37 1 -.42406352735823555
38 1 -2.4820417781700717
39 1 -3.9149595144997473
40 1 -.036763746237017274
41 1 -1.6629393124689027
42 1 -.1500678160283676
49 1 .39056802605373714
52 1 -.008851943701320655
56 1 .005780386591424943
57 1 .025827455274849746
58 1 .08154908295122974
60 1 -.009458506734506532
63 1 -.036233680730185805
67 1 -.07329901458916859
70 1 .12063234484607324
74 1 .006261232354404244
77 1 -.005210769789009967
78 1 -1.7051999984036745
79 1 -.41534549950915056
80 1 .02596252361850068
83 1 .002667291262948039
84 1 -.002581301614578512
