%%MatrixMarket matrix coordinate real general
84 1 55
1 1 3.695149523848068
2 1 .18862121017877062
3 1 .015325227386742364
4 1 -.022569665925167043
5 1 .021552258005468405
6 1 -.03370036799957456
7 1 .006373519100965925
8 1 -.01824266693911227
10 1 -.021972093732338657
11 1 -.036923066929246025
12 1 -.0649933238784533
14 1 -.0571770197198414
16 1 .018327928698547876
17 1 .8269222440820581
20 1 -.06116818527857912
23 1 .14905285530750542
24 1 .044145337264255506
25 1 .023677763230717064
26 1 -.04694715030864201
28 1 -.026643636088023892
29 1 -.08890861756632118
30 1 -.018260362723165377
31 1 -.012034996323868829
32 1 -.2060096969338741
33 1 -.05562899213592826
34 1 .03676243400651314
35 1 -.39020626354011845
36 1 .4632910493199307
37 1 -.6102302642395839
38 1 -2.70745905968913
39 1 -4.655040153010455
40 1 -.026441554814055163
41 1 -2.1325061826548084
42 1 -.2070331168604118
46 1 .0574640459992521
49 1 .2099028513982403
52 1 -.10672591370975992
56 1 .006141465539672301
58 1 .043437973992938854
60 1 -.037330655059333744
63 1 -.033154761722972784
64 1 .028157228177084923
65 1 1.4498517824048571
66 1 .018820349178562852
67 1 -.23075866668133366
70 1 .0320650472321039
73 1 .0018391041096108994
74 1 .16935158280937604
77 1 -.06628001026665181
78 1 -2.18642495267478
79 1 -2.0533765794363315
80 1 .2302794883276407
81 1 .17222157824903353
83 1 .05945875244924832
84 1 -.07247897506852856
