%%MatrixMarket matrix coordinate real general
84 1 20
1 1 -1.9095724262992677
2 1 .4137968231717861
4 1 .15231920520754813
5 1 .011591031346854136
6 1 -.017777578376505305
8 1 -.06285395778593349
11 1 .0010308415438176183
12 1 .18379583856652798
14 1 -.008136467409739312
17 1 1.0186360835826933
31 1 -.13382346236033457
32 1 -3.614264405409866
33 1 -.004134593949085802
34 1 .057537375920519176
35 1 -.48301643356216933
36 1 .17400853794575438
37 1 -.11892608907543398
41 1 -.7762418704082944
67 1 -.001460866429127078
70 1 .03015703157132644
