%%MatrixMarket matrix coordinate real general
84 1 40
1 1 .6445811264647778
2 1 .36533376089506747
4 1 -.01609674312138328
5 1 .0032055605566599613
6 1 -.05630404882666139
7 1 .0010936583801308688
8 1 -.11688578116530335
9 1 .007015313337711304
10 1 -.10088399979407775
11 1 .0345690896563159
12 1 .1299181751239763
14 1 -.0030592099425187755
17 1 .9402803102169836
20 1 -.0018171244180291725
24 1 8.59229518306463e-05
26 1 -.005699375059105385
27 1 -.0019358032021695461
28 1 -.004969043015997627
31 1 -.1806651918249235
32 1 -3.838849737795731
33 1 -.09358490078678178
34 1 .15692641169784532
35 1 -.6242114212498708
36 1 .49679050394873775
37 1 -.19909380062858137
39 1 -1.4170842722778305
40 1 -.004862423849833806
41 1 -1.2369290026013697
42 1 -.0390891876210228
46 1 .0020662448134229285
57 1 .0037551059761714778
60 1 -.008040034331825947
62 1 .4195901575938685
63 1 -.01667129976648974
64 1 .0025782667386988005
67 1 -.1022879393837155
69 1 .2410605444850321
70 1 .02053595958811577
79 1 -.2980656296070858
83 1 -.0004134311051201286
