%%MatrixMarket matrix coordinate real general
72 1 23
1 1 -1.450019942010317
2 1 .6837396046024141
4 1 -.0059081353631457115
5 1 -.000627567510486896
6 1 -.0025143229173866534
8 1 -.00884121504136432
9 1 .0011411453170159993
10 1 .06887335926059708
12 1 -.004395284429705895
13 1 -.02144697264164999
14 1 -.021843885115514
16 1 -.001723628770105729
17 1 1.3170010851166762
27 1 -.0028243927017584216
29 1 -.001770760700516178
30 1 .0017098366835806077
31 1 -.004725959963977426
32 1 -2.0969652950976627
33 1 -4.2695655618603485
37 1 .5745030790007772
38 1 .004876072806124468
56 1 .010521430932791558
69 1 -.00013700627655442181
