%%MatrixMarket matrix coordinate real general
72 1 35
1 1 .4801658056783369
2 1 .730051150865679
3 1 1.897637638011916e-05
4 1 -.038126337560826076
6 1 -.040476112975343516
7 1 .001851718256415038
8 1 -.1367721533212363
9 1 .018270468741764856
10 1 .1256643749387193
11 1 .016243620252002593
12 1 -.006318170758521393
13 1 -.014417190246788936
14 1 -.05962408750368034
17 1 .5567160988413638
19 1 -.03403413890233588
21 1 -.04411457900063358
22 1 .021856614927007554
23 1 -.02164479417293226
27 1 -.09500147966849612
29 1 -.01561140576866582
31 1 -2.5852922633679754
32 1 -1.4674473069685985
33 1 -3.463898950533383
34 1 .017038825832754893
36 1 -.03456559650661858
38 1 .08379050955023382
45 1 .23263379373031537
47 1 .03237106477349605
53 1 -.0044555148528606986
56 1 .16920617609639688
60 1 .003922527537214212
63 1 .16749859496691413
64 1 -.504999979387365
65 1 .09474045709882173
66 1 -.19814990867899698
