%%MatrixMarket matrix coordinate real general
72 1 22
1 1 -.7690976255337008
2 1 .35759306502548016
4 1 .17138662466042953
5 1 -.013044301742881471
6 1 .10456200520968528
7 1 -.003553773623363969
8 1 -.006811744711114829
10 1 -.009935814288151117
11 1 .002645000000602293
12 1 .05433835237492276
13 1 .00027445217076487355
14 1 -.010689219104302674
17 1 .8112804474134285
19 1 -.010651738358918318
25 1 -.011710173255125675
32 1 -4.039108871146137
33 1 -1.487643226825842
34 1 -1.6601171743894392
45 1 .018033826217084825
47 1 .01671128615483299
54 1 .012894540486132623
60 1 .01630135682371595
