%%MatrixMarket matrix coordinate real general
72 1 27
1 1 1.1866104041180794
2 1 .5321694150118901
4 1 .09697513487253226
5 1 -.01977738157258706
6 1 -.07257610109789268
7 1 .0002749907456705046
8 1 -.09252842265417212
9 1 .0005210662867948399
10 1 .14134730390531697
11 1 .0014272214319268639
12 1 -.04974226546291687
14 1 -.06355287373123594
17 1 .28716100285386287
19 1 -.07702569793055278
21 1 -.04358269289165026
22 1 .00031939041440385077
23 1 -.00011501328606248988
29 1 -.0009869799339890456
31 1 -3.269240868891707
32 1 -.722252813904298
33 1 -4.722993460587047
36 1 -.015932292899261458
37 1 .5342475799231177
38 1 8.206222353569157e-05
45 1 .2907860204415166
47 1 .03991470717262644
56 1 .0064897726882998585
