%%MatrixMarket matrix coordinate real general
62 1 23
1 1 -.3597751248449885
2 1 .5496956859443433
3 1 .002291818137496014
4 1 .0031664663417930693
6 1 -.0034794711751680195
8 1 -.02584808501813339
9 1 .013321685639975416
10 1 -.06361787777191423
12 1 .0856093535321292
16 1 .0011039331402074187
17 1 1.6615470551336105
21 1 -.001827971296237715
25 1 -.06019572133151012
30 1 -.0011069968118100962
32 1 -.09668821644980821
33 1 -2.3709344680590747
35 1 -3.358627715784831
36 1 -1.0651376765762874
45 1 .06168576912232095
47 1 .36222045670092107
48 1 .00908783931624661
50 1 .0584290943410941
60 1 -.7317873438636714
