%%MatrixMarket matrix coordinate real general
62 1 19
1 1 2.031515249157322
2 1 .48175725756839827
4 1 .019651322636910246
5 1 .01183549930740381
8 1 -.0027895283620825977
9 1 -.0008148980825959774
10 1 -.004528503324930071
11 1 .01884538300689232
12 1 -.05660320146980066
13 1 -.008339827235347416
14 1 -.04260667190040948
20 1 -.06426113454960578
29 1 -.003579518932931426
31 1 -.11121841776030376
32 1 -1.5131980234300508
33 1 -.47006181154237364
35 1 -5.163890297453771
36 1 -2.0955335264163577
62 1 3.2854541818764074
