%%MatrixMarket matrix coordinate real general
61 1 28
1 1 -1.7994038529233993
2 1 .392372236543368
4 1 .04752918816663554
5 1 -.011820147818450984
6 1 -.00048158596242887957
7 1 -.06886673440076302
8 1 -.015422400369071027
10 1 -.019965615922799974
11 1 -2.6374136545531594e-05
12 1 .11820998583500793
13 1 -.031715647610978163
14 1 -.15948359634883383
16 1 .008584176240746113
17 1 3.935759848617104
19 1 -.016341437410433635
21 1 -.06522190845731554
23 1 -.018263846999400646
27 1 -.0994584799543263
30 1 -.008547285265077004
31 1 -2.648746325857635
32 1 -2.5727902375598384
33 1 -.3988461416091534
34 1 .02353438886396036
36 1 -.0007670522940138659
38 1 .0001527015607033322
48 1 -.013217538863959762
49 1 -.004867137935127174
61 1 2.1387904979403487
