%%MatrixMarket matrix coordinate real general
61 1 24
1 1 -1.9798173647500024
2 1 .3472920845905826
3 1 -.0019114267645914773
4 1 .18405172991167293
5 1 -.007345965640882858
6 1 .01847056313927445
7 1 -.05743251974872924
10 1 -.008975399046580101
12 1 .10628594446190112
14 1 -.030769875268256773
16 1 -.0001860450141508056
17 1 3.512606103085058
19 1 -.04802797027921163
21 1 -.05195211845909437
27 1 -.02164344810546533
30 1 .00018670228900933696
31 1 -3.3344768045437534
32 1 -1.1683095651274842
33 1 -1.2211501082325216
38 1 .012183677032506128
40 1 .00017753994651605216
47 1 .21985179345155578
48 1 -.0016262604201360198
61 1 .34293347777811
