%%MatrixMarket matrix coordinate real general
78 1 26
1 1 1.4161405305166967
2 1 .53898440218917
3 1 -.010418826820467483
4 1 -.02437657131379001
5 1 8.668391689000203e-05
6 1 -.0680162337348504
8 1 -.10026704823255864
10 1 .08633589928484099
11 1 .004838305489063239
12 1 -.06610235223919314
13 1 .002338294396971017
14 1 -.057263923700254724
16 1 .061446607461601487
17 1 .45417574367840435
19 1 -.0595100232766092
28 1 -4.403201379100442e-06
30 1 -.0610575341535373
31 1 -2.236084540256752
32 1 -1.4152154160053287
33 1 -4.888061503766626
35 1 -.0002515898736775244
36 1 .015522463252247633
50 1 -.31419746161263595
69 1 -.00623129743912021
72 1 .5854899623971069
77 1 .9664943480091823
