%%MatrixMarket matrix coordinate real general
78 1 29
1 1 .9223192083381466
2 1 .7679339182001316
4 1 -.024194532973897794
5 1 .025040631503683155
6 1 -.018263494535555598
7 1 .01847483584064192
8 1 -.0840469785676201
9 1 -.01392503742419231
10 1 -.005448275502121341
11 1 .0007744309937497105
12 1 -.003024990040175336
13 1 -.01884972819765372
14 1 -.0535583861276144
17 1 .2169018308231062
19 1 -.0005661942858054762
24 1 -.0003586212351498313
28 1 -.0037078395079402013
29 1 .001144355854252133
31 1 -.3399942102295638
32 1 -1.912659868601581
33 1 -4.563017519891496
35 1 -1.3418493002489889
36 1 -.0044918392839729225
51 1 -.253579356683203
56 1 -.8236642034151533
61 1 -.002687503116629279
69 1 -.007585646348523548
72 1 .12424455748472242
77 1 .8761072627966077
