%%MatrixMarket matrix coordinate real general
78 1 20
1 1 -.002386587621810321
2 1 .6073063273552404
4 1 -.008844400896994557
5 1 .00019082718745662552
6 1 -.015135466967774448
7 1 .0035563024898164607
8 1 -.03230511481766314
10 1 .07538713525185513
11 1 .001646244084020333
12 1 -.027307000590907016
13 1 .0014109803843380705
14 1 -.017863393151064694
17 1 1.227570587339622
28 1 -.017285917799072934
31 1 -2.1010481871823257
32 1 -1.8927844971158014
33 1 -3.3649498967147324
39 1 -.15069183456576915
72 1 .13478701837077192
77 1 .9248365217780989
