%%MatrixMarket matrix coordinate real general
78 1 25
1 1 .11423336721072186
2 1 .5410223641018103
4 1 -.034623149055242344
7 1 .01752215055995488
8 1 -.08399919960574238
9 1 .0008735639217063447
10 1 .044209933828364814
11 1 .01784267201388208
12 1 -.03859243130601481
13 1 .008525323282634473
14 1 -.02870395349757393
17 1 2.386127505650424
21 1 -.14525992474650462
24 1 -.025518940780745868
31 1 -.4014607012998016
32 1 -2.4401663711025017
33 1 -4.1097470316336535
35 1 -.011889459803814229
39 1 -1.1723765037017826
50 1 -.3664311882045824
56 1 -.04592696185841633
60 1 -.2541118732041154
69 1 .0012450575262722878
72 1 1.8965218052441912
77 1 .9107945247422015
