%%MatrixMarket matrix coordinate real general
78 1 23
1 1 1.8648207254124056
2 1 .39548410583789473
3 1 -.005648012138291035
4 1 .035237524564732316
5 1 .005435064608570269
6 1 -.0044462030491712245
8 1 -.0035417018258342035
9 1 -.0007472516323184833
10 1 .012404705535677569
12 1 .013647303528130868
13 1 .01699129071700594
14 1 -.0861078568414468
17 1 .25927263382818067
19 1 -.00131707628685222
28 1 -.007484838862212516
31 1 -2.723376325198243
32 1 -1.7832031364729897
33 1 -4.860047801830032
35 1 -.31364916058520936
51 1 -.03935505039308856
61 1 -.01312542460257721
72 1 1.3736924581693999
77 1 2.233188198253686
