%%MatrixMarket matrix coordinate real general
68 1 26
1 1 1.9414802301200629
2 1 .3337892176312643
3 1 -.00318275065778633
4 1 .29200423106998347
5 1 -.001320445641447185
6 1 -.007654910055636865
7 1 -.0006945892307502716
8 1 -.01849433536441653
9 1 -.006094579350528424
10 1 .14669231540939842
11 1 -.007640990827635552
12 1 -.11857945754207154
13 1 -3.743745834337121e-05
14 1 -.030124559716961128
22 1 -.007159037334079578
32 1 -.002226049664719307
33 1 -.9310570977586993
34 1 .05163878899176408
35 1 -5.734713655827299
36 1 -2.0499777445042677
37 1 -.015296282586785283
41 1 -.00800397622909946
53 1 -.10899102634838045
54 1 .07646884787590001
56 1 .0011032486813393255
63 1 .7969963944720393
