%%MatrixMarket matrix coordinate real general
68 1 20
1 1 1.321263416762065
2 1 .3853719641465774
3 1 .03776055820636674
4 1 .24060576630336725
5 1 .00831087120906273
6 1 -.020019935551178016
7 1 .005672969056369272
8 1 -.02231294694773077
10 1 .14691862981552
11 1 -.0006192143286075487
12 1 -.025435778082376456
13 1 -.01720396338200277
14 1 -.2007305192815936
32 1 -.0032038585931560754
33 1 -1.592486451327214
35 1 -6.097189427344882
37 1 -.9474729041336075
41 1 -.05269629631549563
53 1 -.6305356544803298
63 1 1.0454942871948942
