%%MatrixMarket matrix coordinate real general
68 1 20
1 1 -.07315599655779881
2 1 .3338578392590978
3 1 .019827525652157375
4 1 .1313112035466999
9 1 -.000756745909471163
10 1 .1428427768727099
11 1 -.01784982441333864
12 1 .042369214366336144
13 1 -.0041006168232434565
14 1 -.001087695843552709
33 1 -.022360032192727673
34 1 .03799265519103237
35 1 -2.620618223891768
36 1 -3.970860151420952
37 1 -.1221431086930605
47 1 -.000427046944675382
51 1 .001429970868649613
54 1 .05893353219969838
56 1 .008730806076027234
60 1 .0075361221346710765
