%%MatrixMarket matrix coordinate real general
68 1 30
1 1 4.587855470705696
2 1 .37703113701715985
3 1 .006412978716722521
4 1 .20618771035718478
5 1 .0006216215226240447
6 1 -.011170927037823634
7 1 -.02671141749243189
8 1 -.027240797317390694
10 1 .10073480300424556
11 1 -.001602051062498624
12 1 -.11609148111890466
13 1 -.005602625402382629
14 1 -.07828816931866295
16 1 -.019995390930960203
18 1 -.4193961563687407
22 1 .07670718683976392
26 1 -.25154788337177425
28 1 -.13960524460212054
29 1 -.019355368289353764
31 1 -2.4836852919840893
32 1 -.03255814219854538
35 1 -7.425140147825913
37 1 -1.2453513635873046
45 1 .20012509900655398
46 1 .17690823079293774
47 1 -.01032914274682071
51 1 .039934536153091726
53 1 -.22306770399230008
56 1 .028769343073525258
63 1 .020380877236070218
