%%MatrixMarket matrix coordinate real general
68 1 23
1 1 2.1866878719236924
2 1 .36009302796590653
4 1 .2696502956934597
6 1 -.0013714973468079471
8 1 -.014807340739605917
9 1 -.015153071923962397
10 1 .13988518894888338
11 1 -.01905150889313462
12 1 -.08957037216587004
13 1 -.017819024680561662
14 1 -.0853126998031756
21 1 -.010181089613996249
22 1 -.0069732213377864
33 1 -2.0921871989716
34 1 .11522053788554436
35 1 -2.5125848605257777
36 1 -3.682786560016934
37 1 -.9049102626196508
40 1 4.958560247480906e-06
41 1 -.16524572446496294
54 1 .15186068975115916
56 1 .005972538865729388
63 1 1.6243058232750422
