%%MatrixMarket matrix coordinate real general
68 1 21
1 1 -1.6124421022662077
2 1 .4218571293684291
4 1 .24923092515576317
6 1 .03096738373644524
7 1 -.0030568789736252684
8 1 -.002543015599449609
10 1 .1443737348215732
11 1 -.0001399585285605966
12 1 -.05945635035121091
14 1 -.04743834445301548
16 1 -.0007755342100362689
29 1 -.0007703745789829069
31 1 -.09685410377940192
33 1 -1.3009016825395947
34 1 .0063765697231832515
35 1 -2.749768262236449
36 1 -.024923451469026733
37 1 -1.0440498638110036
51 1 .019344135969524327
54 1 .014828789061427686
56 1 .05869033141075336
