%%MatrixMarket matrix coordinate real general
68 1 41
1 1 6.013179716345736
2 1 .21955743554991916
3 1 .05445530236271574
4 1 .30243541584544464
5 1 .0013852766698224835
6 1 -.007233763383260649
7 1 -.0003963754160393697
8 1 -.01058939118041645
9 1 -.003716111138988577
10 1 .26023790085068327
11 1 -.029389533418477155
12 1 -.04534279513330018
13 1 -.00949266197234526
14 1 -.10584119151223102
16 1 -.12167904029584985
21 1 -.045313213036096776
22 1 -.014824884833690287
25 1 -.7259162428801392
26 1 -.4622666457707081
28 1 -.15813047004269132
29 1 -.12122556290454509
33 1 -.035224647071903016
34 1 .15088880899561635
35 1 -6.262093057899951
36 1 -4.7271230374787825
37 1 -1.3435469347381757
39 1 -.005667921269120177
49 1 .00801401657482535
50 1 .0656759838160036
51 1 .14855203433912284
53 1 -3.506943723867594
54 1 .18351336997904139
55 1 1.5384681613020361
56 1 .19786372361065516
57 1 -.023877878243907608
59 1 .08005410096327219
61 1 -.105946415306142
63 1 .043868704900120806
65 1 1.3717323212485897
67 1 .9096518185768849
68 1 -1.6759282002573213
