%%MatrixMarket matrix coordinate real general
68 1 23
1 1 1.5611816390529247
2 1 .4728506867766039
3 1 .005607068391773854
4 1 .3335436145010482
5 1 -.0007460660926031948
6 1 .022314652500246848
7 1 -.007350295547509392
8 1 -.001053440805209022
10 1 .20502266785906437
12 1 -.1022688658722025
14 1 -.19614348567750486
21 1 -8.362128440710527e-05
26 1 -.009338889366055389
28 1 -.0035229094598696986
31 1 -1.5136753551984743
32 1 -.002991447551641988
33 1 -.5468975419450233
35 1 -5.278625218685234
37 1 -1.5473849047963406
53 1 -.586905915258177
56 1 .013107031651351752
63 1 .5403707762866334
65 1 .08758997255070805
