%%MatrixMarket matrix coordinate real general
68 1 23
1 1 1.3046982665999725
2 1 .4620935895784241
3 1 .07661516134617494
4 1 .19261733089134053
6 1 -.0025748474757213455
8 1 -.016785996152212348
9 1 -.008678240252741555
10 1 .15989746782736236
11 1 -.0007423668399296976
12 1 .010993322106997336
13 1 -.0022614328914563066
14 1 -.20795613176983527
16 1 -.0006472829706598813
22 1 .006720122012683658
29 1 -.0006452743009871854
31 1 -2.001147902753454
32 1 -.00019132962155464901
33 1 -1.0748513064422305
35 1 -3.41664239560942
37 1 -2.200346078935239
51 1 .013872954814735031
56 1 .041731451797504725
65 1 .001404754926371911
