%%MatrixMarket matrix coordinate real general
68 1 29
1 1 1.2836591075139792
2 1 .4447680735179076
3 1 .012332132725491107
4 1 .08166659989084649
6 1 -.006968668227770732
7 1 -.003557919525515025
8 1 -.007761897309484685
9 1 -.06783045975202759
10 1 .173118873547353
11 1 -.0651089558067955
12 1 -.09539768680058554
13 1 -.07996954554066321
14 1 -.004664733466777779
21 1 -.032215790976998934
22 1 .02920513608509397
31 1 -3.4562855164094084
32 1 -.029128894465346254
33 1 -.14802609293686927
34 1 .08795046775008496
35 1 -3.9545328643753477
37 1 -.6864708191714244
39 1 .002619284824673117
40 1 .04559495481685921
47 1 -.013867458528450033
52 1 -.1535331344022383
53 1 -.4624956341121875
54 1 .1239232051633299
56 1 .004871471609617053
60 1 .03461207570291682
