%%MatrixMarket matrix coordinate real general
66 1 20
1 1 .15785573929376184
2 1 .542744239671264
4 1 .27252632038502367
6 1 -.018736569130170157
7 1 4.310682224958773e-05
8 1 -.030798444813482206
10 1 .02178109110082985
11 1 -.01221944209834813
12 1 .04489480907467205
13 1 -.0013326544711952622
14 1 -.03484617383882147
17 1 .028975721101735647
29 1 .00020041908823785636
31 1 -3.838784624426634
32 1 -1.2128731305157643
33 1 -3.3693554455962578
44 1 -.00266609842171826
54 1 .10149865759670462
57 1 .025003115853006477
62 1 .0057409225624393545
