%%MatrixMarket matrix coordinate real general
66 1 20
1 1 -.4629252633563805
2 1 .40472966926646214
3 1 -.0201340261902238
4 1 .130384321037889
5 1 -.002076849066700384
6 1 -.009673020576946505
8 1 -.0059425960262791434
10 1 .01698725492107403
11 1 -.013264472069226874
12 1 .05181327284023942
14 1 -.03556510082359066
19 1 -.0032148768502015786
23 1 -.008030145983870966
28 1 -.03743603403342447
31 1 -3.0575814575522333
32 1 -1.1813256251788737
33 1 -2.450357499728209
34 1 .026891063438120866
36 1 .07811268070304676
42 1 .013851019052753441
