%%MatrixMarket matrix coordinate real general
66 1 19
1 1 -3.2073293423902314
2 1 .5682314195495025
3 1 -.001272665733298918
4 1 .16821000038326275
5 1 -.034642973659099595
6 1 .009821782134972847
7 1 -.015683783887861513
10 1 .1878585177748929
11 1 -.0027866924571322157
12 1 .029206412500185065
13 1 -8.996253438700046e-05
17 1 .8861102384727403
19 1 -.0005423010471690262
21 1 -.018041257445218277
31 1 -1.257809225606508
32 1 -1.845224018454092
33 1 -.6388903399187272
34 1 .0002270691202194997
36 1 .01860753990733138
