%%MatrixMarket matrix coordinate real general
59 1 26
1 1 .08380437973687549
2 1 .6346040067619964
3 1 -.01718849053085423
4 1 -.029049711413629085
5 1 -.0067444791388595144
6 1 -.03685948071768271
7 1 -.020010356524342847
8 1 -.03825271047497679
10 1 .07183963454812019
12 1 -.0758986636908152
13 1 .02392830739261464
14 1 -.07845222935167129
17 1 .7365673835670207
21 1 -.002046430477158908
25 1 -.10295944698454039
27 1 -.008839076445397387
31 1 -1.1810111354801607
32 1 -4.544692432330625
33 1 -1.311479045001402
34 1 .0020591473591239523
39 1 .02087194414857093
41 1 .024089287199413154
43 1 -.029328717110384643
49 1 .0810769713990022
54 1 -.14847497140057775
59 1 1.5541982510658494
