%%MatrixMarket matrix coordinate real general
59 1 31
1 1 -.19336824085081883
2 1 .748935364421007
3 1 .032892845824664896
4 1 -.05191873341652832
6 1 -.10147586417350983
7 1 -.007765046510680591
8 1 -.22621889628771127
9 1 -.000804676747235499
10 1 .011793716501899427
11 1 .008325728322739728
12 1 -.012129228234348706
13 1 .04864779637584678
14 1 -.008222711153766812
17 1 1.3493676116686326
19 1 -.04751291376245189
21 1 -.03295075728951575
25 1 -.14355567871873692
27 1 -.10658031893538852
29 1 -.11673859764495007
31 1 -2.3547883063937425
32 1 -3.095761795915375
33 1 -.7725204313246149
34 1 .22827271356810389
35 1 .052183941544787754
37 1 .0008789333727341495
38 1 -.015846952936351088
43 1 -.0798856729946207
49 1 .2993515100882986
53 1 -.5443093464467751
54 1 -.38114063741126286
59 1 1.8542736174991181
