%%MatrixMarket matrix coordinate real general
59 1 32
1 1 .48492594488420515
2 1 .6288826988471751
3 1 .015076192209293094
4 1 -.033242944742307795
5 1 -.004255444994220454
6 1 -.13793791569385042
7 1 -.03215073712247344
8 1 -.21787622316780317
10 1 .001363500393297263
11 1 .02636906510763513
12 1 -.011869210982498933
13 1 .09350422697224153
14 1 -.010038815218859106
17 1 1.2772622414568493
19 1 -.007570675655050341
21 1 -.0986541648034257
25 1 -.11410974674873478
27 1 -.09982012504231017
29 1 -.0564955886998489
31 1 -3.0699494633334004
32 1 -2.919460550886061
33 1 -.7605385006349548
34 1 .10885739793741041
35 1 .010299211037206829
38 1 -.002675315350848907
39 1 .000305141058320445
43 1 -.1490510596807394
45 1 -.00010903255133655393
49 1 .4461204997631272
53 1 -.2213922275733662
54 1 -.026702840453115304
59 1 .8501123984865896
