%%MatrixMarket matrix coordinate real general
59 1 35
1 1 .7075311298677223
2 1 .7201048208463835
3 1 .03513766942179954
4 1 -.04853290377374984
5 1 -.023843090924688642
6 1 -.21497612072143515
7 1 -.017634547385380294
8 1 -.2894225550626969
9 1 -.003916834965487284
10 1 .006264003096573237
11 1 .11480050420417968
12 1 -.003428040263374796
13 1 .07805812840890747
14 1 -.07806415967489837
17 1 1.561048572768496
19 1 -.05328828245491187
21 1 -.02546371419672837
22 1 .00032981063378285426
25 1 -.2918101038501318
27 1 -.17583628080324848
29 1 -.1444543172897978
31 1 -2.6490004789014248
32 1 -3.226119232676779
33 1 -1.1974389430811205
34 1 .22539068291064765
35 1 .0504390151441611
37 1 .006339406563124402
41 1 -.00024024518412283903
42 1 .0004850095376136703
43 1 -.19396006908614857
49 1 .49560814789836394
54 1 -1.0051210569242248
57 1 .00911009529980889
58 1 -.20179514127000558
59 1 2.864711887747599
