%%MatrixMarket matrix coordinate real general
59 1 31
1 1 1.0288383142649113
2 1 .6169507483140656
3 1 .011666721103276498
4 1 -.0412671777029943
5 1 -.04258861002373947
6 1 -.12570542107009425
7 1 -.046374789824969335
8 1 -.26756831316319307
9 1 -.004903896463647956
10 1 .03982417691408196
11 1 .0955262330170959
12 1 -.0630734713599396
13 1 .12665479720869574
14 1 -.11116192394063619
17 1 1.637620685403789
19 1 -.016290783353080904
21 1 -.11491319073169232
25 1 -.2528494312442479
27 1 -.05124065191639764
29 1 -.07326285161536399
31 1 -1.993888192930257
32 1 -4.337980035105432
33 1 -1.305272740544374
34 1 .10834535078570638
35 1 .018477363710052236
37 1 .01974146609001976
39 1 .001557266597747563
43 1 -.0895723576032482
49 1 .3088161933073301
54 1 -.35693773521994443
59 1 2.8711419658517023
