%%MatrixMarket matrix coordinate real general
75 1 26
1 1 -.9295965635454113
2 1 .4032890723343655
3 1 .0725476832666152
4 1 .06341243749407305
6 1 -.011715895965624243
8 1 -.07928340615991042
9 1 -.00025332225107626926
11 1 .025070573819329024
12 1 -.01524906180063844
13 1 -.027638909151778846
14 1 .000245381560474531
16 1 .046988217657590356
17 1 2.584343738754956
24 1 -.09261508683577074
27 1 -.031062419752976363
28 1 -.02411991867060953
29 1 6.305353974741172e-05
30 1 -.046752292622350304
31 1 -.35250026902367915
32 1 -5.260748421016677
33 1 -.7093572318889029
48 1 .12023249413856861
55 1 .2205412672815244
63 1 .053251372004207674
70 1 -2.0477061852625944
74 1 2.651121556161962
