%%MatrixMarket matrix coordinate real general
75 1 32
1 1 1.846668003467748
2 1 .24272335284008212
3 1 .015752013818424903
4 1 .0762393380200195
5 1 -.014871464858825555
6 1 -.06575228637738563
7 1 -.020335047788121865
8 1 -.09255349009506128
9 1 -.012707477152207177
10 1 .00021991997585161195
11 1 .054497622806520346
12 1 .01339226019095697
14 1 -.10240496369861267
16 1 .005703383700605712
17 1 .2633024012407284
24 1 -.11463824954116253
28 1 -.008720882092819748
29 1 -4.334678660749597e-05
30 1 -.005679515285072769
31 1 -1.5645475117931396
32 1 -4.315281052755277
33 1 -2.955143113229402
39 1 .008065998050408803
41 1 .01027449406430205
46 1 .028891361133438834
48 1 .14501791783213988
50 1 .020861289238214883
55 1 .1797221543635724
57 1 .01888557141559372
63 1 .056053739128952146
73 1 .008026750422802311
74 1 .20333808930389824
