%%MatrixMarket matrix coordinate real general
75 1 41
1 1 -.7752221866680884
2 1 .41801113068758744
3 1 .05582374462301132
4 1 -.06426774857127442
5 1 .016351101347629324
6 1 -.055248249457387946
7 1 .019388786999262882
8 1 -.11999649843931667
9 1 .00023984805622195653
10 1 -.01354472028794508
11 1 .015501946019170813
12 1 .12719321096054576
13 1 .000638395525598283
14 1 -.23679954696666933
16 1 .11556574110028868
17 1 3.852277632547525
22 1 -.013749659698621226
24 1 -.16542161655186735
27 1 -.3082356560609463
28 1 -.14360006103462378
29 1 -.033299111068153524
30 1 -.11497791962148722
31 1 -.051651671689114886
32 1 -3.3501703881015827
33 1 -2.6541648139696385
37 1 -.00784894710568592
39 1 .07920567373663391
41 1 .035847472579219226
46 1 .15817659525553004
48 1 .21238762295536012
50 1 -.0011044101835704808
55 1 .2515036266164092
57 1 -.024823895056401354
58 1 -.012350204963966344
60 1 -.4859245335314398
63 1 .059357491584590465
69 1 -.014630187564647077
70 1 -3.0728685779439715
72 1 -.005701274719048583
73 1 1.4401226184839657
74 1 1.193227919042931
