%%MatrixMarket matrix coordinate real general
75 1 26
1 1 -1.7100981951088583
2 1 .54430698534018
3 1 .05235553815862481
4 1 -.02457081204397523
5 1 .001100747198963674
6 1 -.013810594565826244
7 1 -.00026560452393251083
8 1 -.03266973998244861
9 1 -.0005575851415290345
10 1 .0014139794900348858
11 1 .0699976482616908
12 1 .04743297223142139
16 1 .05822077686634526
17 1 2.6904008828246395
24 1 -.08105133972764954
27 1 -.021178662021018747
30 1 -.05785749291839654
31 1 -1.1574399183336312
32 1 -1.7018603516165334
33 1 -2.474671778723872
48 1 .04733159015284387
55 1 .11364573801173054
58 1 -.315715525084155
63 1 .04945670069853286
70 1 -.24005742029800395
74 1 2.8588924967720097
