%%MatrixMarket matrix coordinate real general
75 1 36
1 1 .8174885057525358
2 1 .6045366201696997
3 1 .0027017598307670625
4 1 -.010576553508668946
5 1 .006975902917735906
6 1 -.0011211563381163198
7 1 .0033699472303951898
8 1 -.03744229594694144
9 1 .0031835399694633143
10 1 -.009278704159196224
11 1 .02352908297419527
12 1 .12556652622109155
13 1 .007598355939344559
14 1 -.0776936674818259
17 1 .9999005032260412
19 1 -.00019666464520479732
22 1 -.03564547677577071
24 1 -.04009893271185785
27 1 -.02124869192617071
28 1 -.0007209016575961697
29 1 -.032740869948905786
31 1 -3.54125522995979
32 1 -.7323127527034811
33 1 -3.558260759142495
39 1 .04926168501380227
41 1 .0472811954896384
42 1 .00016046415825751893
46 1 .22068220005600636
47 1 -.03151154057363364
48 1 .017618786786697812
55 1 .07874930756387424
58 1 -.04106461637744245
60 1 -.7803804453155057
68 1 2.8037014045153947
72 1 8.081411789095178e-05
73 1 .1741803806251693
