%%MatrixMarket matrix coordinate real general
75 1 23
1 1 -2.3352727194949825
2 1 .8652356997265382
3 1 .0065423187378090735
4 1 .04082699685747794
5 1 .006551639079633125
7 1 .00078153873478157
8 1 -.00045738683326648186
9 1 .019496292220169305
10 1 -.0018265268212926888
12 1 .14202967259170482
14 1 -.03927396133456031
17 1 1.4054703234626669
24 1 -.000607285491602325
27 1 -.13496843829253877
29 1 -.0009024547574859651
31 1 -2.207631056268144
32 1 -1.6809228278037533
33 1 -1.2423623678693994
50 1 -.0027485199995912917
55 1 .040573605658403525
57 1 -.027206359213827733
58 1 -.0013038044978192108
74 1 1.0037360808284304
