%%MatrixMarket matrix coordinate real general
75 1 31
1 1 .6900691386969449
2 1 .42059310031030694
3 1 .0002891576452518588
4 1 .10772047814518318
6 1 -.028138617788025223
8 1 -.042070686805955396
9 1 -.0012128706477042353
10 1 -.004375159787810786
11 1 .028134153659595748
12 1 .01770640752722713
13 1 .000159227438722512
14 1 -.15915283992771878
16 1 .00819423757651323
17 1 .36091432876283475
19 1 -.008486000155371739
24 1 -.017192962448161094
27 1 -.00045581721174851446
29 1 -.01219510912029454
30 1 -.008149018008169317
31 1 -.5619060267558346
32 1 -4.570617345842377
33 1 -2.6388643914953813
35 1 .0008849878597691419
36 1 .00826647705281986
39 1 .03727857991653234
41 1 .04571533296124686
42 1 .003292523871036099
48 1 .03662232244580991
55 1 .23945966248138115
74 1 2.454634087451844
75 1 -.01050381758502473
