%%MatrixMarket matrix coordinate real general
73 1 32
1 1 1.5821897262115598
2 1 .5580299376521515
3 1 .11587299920315414
4 1 -.027994238037046995
6 1 -.12539936411609878
7 1 -.0003984997187403579
8 1 -.16447042896108593
9 1 -.007448892310529147
10 1 .2575591798789262
11 1 -.06202971888757922
13 1 -.20938079213562932
14 1 .005250841761264646
17 1 -4.119575903354029
19 1 -.2530926420232725
21 1 .03620447489070559
23 1 -1.5253647656612035
24 1 -.0669405436442164
26 1 -.012771583927670398
28 1 -2.6451147397632395
31 1 2.491509350657842
32 1 1.6642718040775992
33 1 1.2116225725137912
35 1 .24300588510952773
37 1 .3336116513398133
38 1 .3640681464292751
40 1 .632854265892784
50 1 -3.1890740999509157
52 1 -.003105717704639524
63 1 -1.1626430722322196
65 1 .21711351627694267
68 1 -.14567937133903092
73 1 .1855252227525208
