%%MatrixMarket matrix coordinate real general
73 1 36
1 1 -1.15203600181498
2 1 .6137162924825955
3 1 .0008468715088161582
4 1 .20891113505080336
5 1 -5.324057991147075e-05
6 1 -.08618636125739715
7 1 -.02962469525073607
8 1 -.18910200566550214
9 1 .004700977478790076
10 1 .3081159153457489
11 1 .026789260123294464
12 1 -.00346146940877938
13 1 -.01865160308885051
14 1 -.022147108662164412
17 1 -3.5506132589104924
18 1 -.5872045169110899
21 1 .10686744013899373
23 1 -.09138469385695787
24 1 -.44038064901465723
26 1 -.011926091698792524
28 1 -1.0923785934330874
31 1 1.9899282749742517
32 1 1.2209104122885641
33 1 .8185735422583998
34 1 .5422526286797427
43 1 .5060092005247056
44 1 .5238931295241797
45 1 .1107408359224222
46 1 .43144574171779027
47 1 .40328025872986956
48 1 .377150988253103
50 1 -.8078558748681475
52 1 -.2914711968982767
60 1 .03785266749410191
63 1 -1.5927035189086736
73 1 .590025880596464
