%%MatrixMarket matrix coordinate real general
64 1 19
1 1 2.2233555984426996
2 1 .5179215651160688
3 1 .002008165453559616
4 1 .18462899597764146
6 1 -.013368078181010212
8 1 -.050307618873959487
10 1 .10546376712799681
11 1 .026877951640787646
12 1 .0054214171533028994
13 1 .0077593338179255756
14 1 -.015731040506686902
27 1 -.04448224292805876
31 1 -2.9590126436568154
32 1 -1.087577112335937
33 1 -.005339935441193649
34 1 -3.1200858144274317
35 1 -2.0193492132706634
37 1 -.0874551963581981
60 1 -1.67619557464911
