%%MatrixMarket matrix coordinate real general
64 1 25
1 1 1.2858100803129249
2 1 .5647540157322962
4 1 .14240693026519344
5 1 .003997215870706629
6 1 -.06884261437911879
8 1 -.028447305721344227
10 1 -.014146731135499779
12 1 .008246629476463499
14 1 -.016823003051839223
16 1 .038741962348676856
17 1 .2128005574451741
21 1 -.0001515990914055415
29 1 .003930834092853887
30 1 -.03857846730938949
31 1 -.1733723415653474
32 1 -.0074441132693375605
33 1 -.9031954610738193
34 1 -4.832038354188439
35 1 -2.575633979061115
45 1 -.0037764065433404472
56 1 -1.3141767104575843
57 1 -.33300668585891463
59 1 -.004027309620976127
60 1 -.45819041424843354
63 1 -1.171597567599673
