%%MatrixMarket matrix coordinate real general
64 1 33
1 1 2.5154449710545874
2 1 .7533856630171774
3 1 -.008223194694544194
4 1 .24787704808047695
5 1 .006530407428589659
6 1 -.07792524581033808
7 1 .006580050003332874
8 1 -.0735357507920062
9 1 -.005943092910753406
10 1 .17545894243827806
11 1 -2.915329712113906e-05
12 1 .09020592554427712
13 1 -.00017950632700154532
14 1 -.1380781169442247
21 1 -.00027219132405296683
23 1 .015504756179262665
31 1 -1.8669755120572589
32 1 -2.0062635186578266
33 1 -.2714200981452752
34 1 -2.8127840931902672
35 1 -2.600633670984722
36 1 -.013197253757593163
37 1 -2.1207686126513647
39 1 -.010280181876137953
40 1 -8.768738629216574e-06
41 1 -.06574836131150848
43 1 -.31469833661815827
45 1 -.05372822516250795
51 1 -.01749943857806253
53 1 -.2085101770702423
56 1 -.599950862586493
60 1 -4.418522389639173
61 1 -.006450182134464652
