%%MatrixMarket matrix coordinate real general
64 1 28
1 1 -.003997473908831317
2 1 .654357306039437
3 1 .0012569636800157389
4 1 .17157577867883111
5 1 .03428766360971019
6 1 -.013963316077339605
7 1 .027386063549662613
8 1 -.01912424723248416
9 1 -.020098708693188024
10 1 .10252638312558322
11 1 -.0025439132705125716
12 1 .03346216489065905
13 1 -.000689062533312016
14 1 -.04955749054258894
17 1 .4154827657691936
19 1 -.0020377280872178804
21 1 -.010243471680354985
29 1 .02955693815309446
31 1 -.3279438026499449
32 1 -.06127172419447396
33 1 -1.5350094068984343
34 1 -3.3171828383997646
35 1 -2.1729678806977932
37 1 -1.028507201353019
40 1 .000887365255084969
45 1 -.07967784821054068
59 1 -.000568168180933413
60 1 -3.419883292732146
