%%MatrixMarket matrix coordinate real general
78 1 26
1 1 -2.061900438495914
2 1 .42574697609608503
3 1 -.06135030027642862
4 1 .20071457600974654
5 1 -.049499590646644255
6 1 -.0688770675829208
7 1 -.03593170074700007
8 1 -.10360688157596118
10 1 .042882227378084364
11 1 .1603807598372974
12 1 .029831514599894946
13 1 .01361886019125374
14 1 -.023060382568863707
17 1 .835115230938721
19 1 -.029435175714241493
21 1 .08496407492837842
23 1 -.09017809965930838
31 1 -2.3186150574652395
32 1 -2.172563862704634
33 1 -.011397680604326913
35 1 .031245445916624016
38 1 -2.3585304209041365e-05
39 1 .03860572722525743
57 1 -.05871838853971736
63 1 -.07648695304012178
69 1 .01556073676423547
