%%MatrixMarket matrix coordinate real general
78 1 26
1 1 .4636854960386785
2 1 .4037922635412314
3 1 .0007133647233402042
4 1 .049918695086149524
9 1 .001414217289759752
10 1 -.009631705324442215
11 1 -.0048826710703666724
12 1 .08464235701705024
14 1 -.1945492634019256
16 1 .13550351472011088
17 1 1.2753333327254885
19 1 -.06299504347425936
21 1 .024765016600327018
23 1 -.015341541542550434
28 1 -.0034652575185643076
29 1 .00011013692360546749
30 1 -.1346915853950177
31 1 -2.0017369737616453
32 1 -3.9830724035471783
33 1 -1.3394780346886823
57 1 -.012392487301280368
63 1 -.03533805954000129
69 1 .16365591267944934
70 1 -.05740066768997169
72 1 .2888088778411989
76 1 .05656877791674231
