%%MatrixMarket matrix coordinate real general
78 1 30
1 1 -2.3939234474795654
2 1 .41134434672023407
3 1 -.027301923869101276
4 1 .14656406002494127
5 1 -.02699703278612585
6 1 .003374373177926174
7 1 -.05218313182068121
8 1 -.021819283094944658
9 1 -.0028954271720741426
10 1 -.13873474861182558
11 1 .0007638458431525293
12 1 .2982258935667522
13 1 .002213908956314919
14 1 -.21450742707520862
16 1 .10858468827070758
17 1 .9460268691478617
19 1 -.05662356653351883
21 1 .15468871027841583
23 1 -.09036166386087044
30 1 -.10669811762212268
31 1 -1.9747881355207861
32 1 -.8312445916280244
33 1 -1.367165510653308
35 1 .10740113493755031
38 1 -.03655338507712962
57 1 -.12755861806464722
61 1 -.029363479028184498
63 1 -.21048800960905023
69 1 .09161859857385118
70 1 -.014173875261370265
