%%MatrixMarket matrix coordinate real general
78 1 29
1 1 2.112422130771063
2 1 .27011761956020214
3 1 -.004328915185283847
4 1 .015415264514544339
5 1 -.058187883447176264
6 1 -.03714822228768212
7 1 -.06987475271689746
8 1 -.042369352397840156
9 1 .06538086817718748
10 1 .03144453147023471
11 1 .029767202990793284
12 1 -.03700986306664724
13 1 -.03981136149291699
14 1 -.1972417108524181
16 1 .26513412880898535
19 1 -.20713423467968925
21 1 .07954893129722017
23 1 -.10442899403299352
28 1 -.049050352719568105
30 1 -.26267132149281847
31 1 -3.3012094725385808
32 1 -4.11206036519365
33 1 -.8865207491851376
35 1 .007518435677497427
57 1 -.05337861773615986
63 1 -.0838432208248884
69 1 .23568561529422438
72 1 1.401314627938687
76 1 .027145262713541715
