%%MatrixMarket matrix coordinate real general
78 1 18
1 1 -.8618861753058376
2 1 .5390422565018997
4 1 .11586217207497318
5 1 -.0004956733291715732
6 1 -.009102698863661461
7 1 -.00017072914977974581
8 1 -.023711335487446982
9 1 .0005243171101208858
10 1 .0012082970752647303
12 1 .03469579209049879
14 1 -.07416683295079662
21 1 .010929641609998686
31 1 -.5509215199247813
32 1 -4.44273258607329
33 1 -1.0388108299351584
57 1 -.004294407048636215
63 1 -5.4093786625161695e-05
69 1 .006016579149906171
