%%MatrixMarket matrix coordinate real general
78 1 32
1 1 -2.5668102883549295
2 1 .33515747171066135
4 1 .12324293055869566
5 1 -.014103806432924028
6 1 -.03027044809205515
7 1 -.001092078591548036
8 1 -.03815098211635906
10 1 -.016425178274923586
11 1 .07758582756952788
12 1 .17934834197571672
13 1 .0035456154526479103
14 1 -.20249376154226775
16 1 .3991524610375988
17 1 4.324523626548546
19 1 -.3390274363662749
21 1 .025347793926583272
23 1 -.1688656072651684
28 1 -.025056371244187615
29 1 -.02437374448135612
30 1 -.39386879119143664
31 1 -2.3100787711849122
32 1 -1.337007379476183
35 1 .0984110808467244
38 1 -.011945901791098798
57 1 -.0017765751517172838
58 1 -.1376945546183418
63 1 -.05337934258040291
67 1 1.7345298971060203
69 1 .21486876818549405
70 1 -.07711022881222655
72 1 1.0157733377216736
78 1 -.018086815292190774
