%%MatrixMarket matrix coordinate real general
78 1 23
1 1 -4.670924309387338
2 1 .6109659181805235
4 1 .13796585777797463
8 1 -.05535564860398575
9 1 -.002542423814816315
10 1 -.06170300741914485
12 1 .2735062951139075
13 1 .02747506081640121
14 1 -.14478447723964105
16 1 -.00021303065131699156
17 1 4.366505628276855
21 1 .0381947680604399
23 1 -.004341488669325508
30 1 .00020586751685155714
32 1 -1.6727908670942293
33 1 -.9124642390030562
35 1 .017410835018868368
38 1 -.02435186544317126
39 1 .07912172002762655
57 1 -.025283102083639767
63 1 -.024677261068185168
69 1 .0016281275103227357
77 1 -.44929807552452455
