%%MatrixMarket matrix coordinate real general
78 1 21
1 1 -3.3834010512126182
2 1 .4256862404697285
4 1 .2909384431202328
5 1 -.006488965987744213
6 1 -.010055518525991639
7 1 -.007221517799443946
8 1 -.011034769555566253
9 1 .020587118695196843
10 1 .060265692643812874
11 1 .05338787367267684
12 1 .1503948181781606
13 1 .011124733612590025
14 1 -.08336247886862666
19 1 -.001763175644151619
21 1 .036583092315760096
31 1 -.8487424102755307
32 1 -2.141019500986542
33 1 -.4719740134430792
57 1 -.02304261563454505
63 1 -.04256548427610998
69 1 .018448186673361972
