%%MatrixMarket matrix coordinate real general
71 1 33
1 1 2.979860895245399
2 1 .3095158895092207
3 1 .01039198133721606
4 1 .24983403391946732
6 1 -.04017758082333166
8 1 -.10743821052927614
9 1 -.07380721340431573
10 1 .06777076114367069
11 1 -.0008513424094393641
12 1 .12793927515029718
13 1 .06988847101626274
14 1 -.19093896634597363
18 1 -.2583694660226828
19 1 -.001210709247133155
21 1 -.06872352400813463
26 1 -.15598357045076275
28 1 -.02666958109853534
31 1 -1.0463745964277433
32 1 -4.774411330004941
33 1 -.0337237704140487
34 1 -.048686692638690174
35 1 .06403824935809345
36 1 -3.5860475780833347
41 1 .036962624456023115
42 1 -.0001315864632850176
45 1 .1683785605804529
47 1 .12545059431665084
48 1 .09352844066770201
50 1 .0697718085331789
55 1 .0012474788905605454
62 1 .1298890954867978
70 1 .2453242324205681
71 1 2.2930009405877287
