%%MatrixMarket matrix coordinate real general
71 1 31
1 1 3.7057365230244885
2 1 .4861964264830311
3 1 .04732394927783114
4 1 .26100625229652
5 1 .01808793720110222
6 1 -.03421484110097471
7 1 .0020169109609074623
8 1 -.08123545427672892
9 1 -.006890838565612645
10 1 .11895409321817084
11 1 -.02444424477513676
12 1 .11582770710217273
13 1 .09046862528527563
14 1 -.12506498196706284
16 1 -.005608358605307563
19 1 -.15129780327638578
21 1 -.028001552124555715
23 1 .002271948795517105
26 1 -.06366512316965771
28 1 -.043830304116157806
30 1 .005570867261762282
31 1 -3.941591216138224
32 1 -1.594255103908552
33 1 -.2617694153433377
35 1 -1.3142013702803588
36 1 -3.3482859313316706
38 1 .0019111227245794235
41 1 .00017158306648216843
62 1 .058792371944204246
70 1 .17854404643421484
71 1 .6314685529956773
