%%MatrixMarket matrix coordinate real general
71 1 33
1 1 3.773994714578273
2 1 .20998499322887393
3 1 -.045571019523361574
4 1 .1793285445395891
5 1 .01648624549714922
6 1 -.029060801584748486
7 1 .05079893015383213
8 1 -.059026978403653556
9 1 -.08014357669662894
10 1 .08416918811062689
11 1 -.037244137719250954
12 1 .2493948006535016
13 1 .09470484120931856
14 1 -.010862554779441
16 1 .003698679446198609
21 1 -.01299817529382749
26 1 -.11814742394091897
28 1 -.10449884359879733
30 1 -.0036802079959225775
31 1 -6.027926450057961
32 1 -1.6377818603592267
33 1 -.16113409673397416
34 1 -.07922531856172282
35 1 -.5255524565082186
36 1 -2.2831023500063354
38 1 .00036457594048472234
41 1 .16141383297659714
52 1 .0018967067386474667
55 1 .06471600349340367
62 1 .0445617327780846
66 1 -.030477252976532167
68 1 -.7940054592355126
70 1 .2910796336858567
