%%MatrixMarket matrix coordinate real general
71 1 33
1 1 2.9011082293363897
2 1 .3315870465535091
3 1 -.06265467656153614
4 1 -.013475498952228241
5 1 -.015202692355859658
6 1 -.005650180935198143
7 1 -.0008550985736767999
8 1 -.021440914770408864
9 1 -.009168119559824528
10 1 .15084193625733117
11 1 -9.718456199950055e-06
12 1 .062438603352088624
13 1 .01957853355252759
14 1 -.08853248176710016
16 1 .04375207595617823
19 1 2.2567833332797908e-05
26 1 -.08676474532103116
28 1 -.0061484449643175966
30 1 -.04357927855173786
32 1 -7.7833630541816285
33 1 -.6571354164920413
34 1 -.0222034545737258
35 1 .26684717652978857
36 1 -1.9831891256030743
40 1 -.0028861004178694374
41 1 .10155524146844591
42 1 -.026808046299038525
55 1 .12489433289265756
62 1 .0011696191312262764
64 1 -.43411775287302107
66 1 -.23342845631592932
67 1 -.04680159300334009
70 1 .11365939606287602
