%%MatrixMarket matrix coordinate real general
71 1 46
1 1 4.663482043804457
2 1 .21055521007388822
3 1 -.0038459099285072405
4 1 -.04152742836781325
5 1 -.0023538145599710744
6 1 -.007780259832792048
8 1 -.09969416620659993
9 1 4.010369568495698e-05
10 1 .13479113354055727
11 1 -.013782491305927218
12 1 .014815636005995827
13 1 .1165747141751852
14 1 -.21194165590783606
17 1 .12502195695519827
18 1 -1.0021934975889273
19 1 1.8588973275371896e-05
20 1 .07792850592528609
21 1 -.22578862487481804
26 1 -.14778314722196298
27 1 .005717408652656914
28 1 -.09986717255593154
31 1 -.12118712670132688
32 1 -3.592525820516866
33 1 -.9038700615204286
34 1 -.4780199611002657
35 1 -.4406675700813955
36 1 -5.144262335102538
38 1 .05391048024646177
41 1 .14993042597737197
45 1 1.3167591761984128
47 1 .6583873146663397
48 1 .5301141338338383
50 1 .428377964973735
52 1 .07120934079510893
54 1 2.927259831850768
55 1 .1260660701087701
57 1 -.0839393176379007
58 1 -.05200852706322732
59 1 -.03232188526779679
61 1 .528537301914187
62 1 .352186872380278
66 1 -1.9390785957436012
67 1 -.27016543911725566
68 1 -.069397268404733
70 1 .2841983177241996
71 1 .07274934774206489
