%%MatrixMarket matrix coordinate real general
62 1 21
1 1 -1.1278231645611312
2 1 .70597656827471
4 1 .0735898716448837
5 1 .0005209359091138569
6 1 -.00046502870316162255
8 1 -.006311680659632539
9 1 -.013345069671440795
12 1 .13479957557630476
14 1 -.045781286598256025
17 1 .061580316468139176
25 1 -.005580803619887526
27 1 -.034005578009228925
31 1 -1.726348041878323
32 1 -1.8996775085751503
33 1 -.0011675813763106287
34 1 -.0017130157857617914
35 1 -.7078273911146839
36 1 -1.8784930743592598
38 1 -.0018846811160765922
40 1 .006593054681644983
53 1 .00550213705439196
