%%MatrixMarket matrix coordinate real general
75 1 22
1 1 -.2660063956217673
2 1 .43371612255898506
4 1 .16364300456948838
7 1 .016184785573588246
8 1 -.0027967408094434565
9 1 .0004937832050441744
10 1 .14612950536191155
16 1 .00014350513849499928
17 1 -3.8746655319401264
19 1 .04616384948352812
20 1 -2.7274614750830954
29 1 -.0008318817373616334
30 1 -.00020262243898934237
31 1 .0653452557352484
32 1 1.8780090162109557
33 1 1.0513095860217385
35 1 -.04437834942712278
50 1 -.04526942892406905
52 1 -.025413463870562467
55 1 .04390582022588332
56 1 .04104453537612759
57 1 .03835788859856299
