%%MatrixMarket matrix coordinate real general
75 1 29
1 1 -.1367995462715772
2 1 .40424111296869547
3 1 .0004557405018213131
4 1 .22246501159035229
5 1 .02974386453757917
6 1 .015295827227489447
7 1 .049654414941613524
8 1 -.04392457489700372
9 1 .02124649290068374
10 1 .012337260577935858
11 1 .019614782696507054
12 1 .23077446928834608
13 1 .002724135865006869
14 1 -.15656748057141606
17 1 -3.512775699811177
19 1 .1301254043080866
20 1 -3.4519181665202683
27 1 .013195016534346604
28 1 -2.155323080258087e-05
29 1 -.0008009107252065787
32 1 1.5955196552940567
33 1 1.0003134603778345
35 1 -.12657400224485793
50 1 -.12836040234758675
52 1 -.1084830686312985
53 1 1.5768173774143903
64 1 -.01568753962660648
74 1 .20226478590336436
75 1 .12626687791996316
