%%MatrixMarket matrix coordinate real general
75 1 27
1 1 -.9407706466960573
2 1 .5727401150105848
6 1 -.0009221046306977705
7 1 .012355036433858735
8 1 -.05994380975269627
9 1 -.007963477347310064
11 1 -.0022036215275893743
12 1 .263119233507789
13 1 -.04832384043301879
14 1 -.13287709121289115
16 1 .00972330497438107
17 1 -4.270128702025105
19 1 .11843200758824826
20 1 -1.2649254352073487
21 1 -.009393906909535872
22 1 -.1012267374685905
30 1 -.009725143024005303
31 1 .22462888840723266
32 1 2.156507539648004
33 1 1.2932973805574843
35 1 -.1459183007035031
40 1 .12833787357691814
50 1 -.11419143438594821
52 1 -.08921371146164162
64 1 .0006268050690416918
65 1 -.012272290699693962
74 1 .2649332812171276
