%%MatrixMarket matrix coordinate real general
75 1 26
1 1 -2.9654405224860136
2 1 .6151185236330727
4 1 .03356657551750683
5 1 .023258463230288767
6 1 -.04314387738460139
7 1 .02598837588752259
8 1 -.06312055687131411
10 1 -.022536401355270665
11 1 -.0016931762342039904
12 1 .28709221247854494
13 1 -.015190446331322464
14 1 -.22780010369778195
17 1 -3.5286887459736276
19 1 .13622448593649966
20 1 -.15222221465629132
22 1 -.2118992400424116
28 1 .009945465354556926
32 1 1.4680822965549876
33 1 .8146848282235525
35 1 -.17159819297734727
40 1 1.2093137604946627
50 1 -.13258817467818212
52 1 -.10941446682679055
61 1 -.10271273493417471
65 1 -.03470166665765757
74 1 1.4437728440167998
