%%MatrixMarket matrix coordinate real general
75 1 40
1 1 2.4187912638926408
2 1 .5045743855933952
3 1 -.002827670959260626
4 1 .07979793273585717
5 1 .009485425283004815
6 1 -.06391554791869981
7 1 .037954540067848576
8 1 -.07661406436790945
9 1 .0013609113740904513
10 1 -.01286002156545586
11 1 .016144181485465797
12 1 .16463403614304398
13 1 -.007661146888555964
14 1 -.11273098626974895
16 1 .015041467001650002
17 1 -3.851910698922849
19 1 .21756251855672235
20 1 -3.6254993943286546
21 1 -1.605831910762033
23 1 -.06538119769727595
27 1 .020173023539983598
28 1 .004917867415259204
30 1 -.015044285848235125
32 1 1.7997866765187442
33 1 .9914616356405562
35 1 -.2501204620417898
36 1 -.05448915424604156
37 1 .030034516573089483
39 1 .03803423063324793
40 1 1.1485560096921013
41 1 .0361032271440728
50 1 -.21302173542169234
52 1 -.18205220503659023
53 1 1.8542424998929286
58 1 .1119319281958548
64 1 -.02415709582643403
67 1 .044938307118701115
72 1 -.008286683607562144
74 1 .6478348029688049
75 1 .2058082534712615
