%%MatrixMarket matrix coordinate real general
75 1 29
1 1 -2.15131685369402
2 1 .4593718171010684
3 1 -.004496264452515995
4 1 -.004961705571525314
5 1 -.00025473649473778463
6 1 -.004163661714182989
7 1 -.0020978812351398176
8 1 -.03580817861737467
9 1 .03722738631842949
11 1 .0332530767164189
12 1 .26195881770867047
14 1 -.1960409045722537
17 1 -3.452050491811593
19 1 .055182418958595096
20 1 -1.1644096076276855
27 1 .07681880001468643
28 1 -1.790845680078778e-05
29 1 -.08756914538949873
31 1 .46756974350805997
32 1 1.6045971613674237
33 1 .902345254737356
35 1 -.08282624720443184
36 1 1.1258709514553478
37 1 -.00010242214690382126
50 1 -.05361229038140704
52 1 -.031644086144994865
64 1 -.10106575055637952
74 1 .5003311976985835
75 1 .6146939222983046
