%%MatrixMarket matrix coordinate real general
75 1 22
1 1 -2.3745025796978076
2 1 .5122224695181358
3 1 -.0008971984188062762
4 1 .02221842896760359
5 1 .0073617903651482285
7 1 .013590275520188643
9 1 -.006292768573160801
10 1 .08565654059362518
11 1 .00035320379456338347
12 1 .2132910849200859
14 1 -.12187212091453159
17 1 -3.809718526044059
19 1 .1358140236057024
20 1 -.018584094495074786
22 1 -.5579229211231903
32 1 1.6479998118469563
33 1 .8587807766179613
35 1 -.13085937860369923
40 1 .0067637118089708915
50 1 -.13354683151874305
52 1 -.10588434462356824
74 1 2.093774631225858
