%%MatrixMarket matrix coordinate real general
66 1 32
1 1 2.1138951905975274
2 1 .5652007771204172
3 1 .02200203961230551
4 1 .06812379487347439
5 1 -.03161578562714381
6 1 -.006532526179200696
7 1 -.0023092622422475504
8 1 -.03849178225501221
9 1 -.04107309224039494
10 1 .08115431449538525
11 1 -.025834801696558968
12 1 -.08867997995085251
13 1 .003538480282597983
14 1 -.12142495623877768
19 1 -.0037998316068539833
25 1 -.005614130764480332
26 1 -.21201242298782427
27 1 -.10478534577436031
28 1 .03078971282296107
29 1 .04593287203054557
31 1 -.4550029016746617
32 1 -4.2692253496290276
33 1 -4.343033330486172
35 1 .10936159832873453
36 1 .024286403954222793
37 1 .05446474002772181
40 1 -.1412927381600077
52 1 .4795795796989875
56 1 -.046778045420224554
60 1 .586758560961251
62 1 -.13040734418645125
64 1 -1.4682134044853752
