%%MatrixMarket matrix coordinate real general
66 1 26
1 1 -1.5027834047247142
2 1 .601538214317143
4 1 .07442235581412647
5 1 -.003298002344620178
6 1 -.01609733015745785
7 1 -.00037389205611339097
8 1 -.000608178683823406
9 1 -.04187957509029137
10 1 .11718112650569192
11 1 -.08083992664570457
12 1 .0534899946182779
13 1 -.0024318586014888807
14 1 -.01399150695225181
16 1 -.006378557162545914
17 1 .5099793266741702
25 1 -.0005343117778340616
27 1 -.012376734035629609
29 1 -.001090429205448865
30 1 .006324684797075873
31 1 -1.2278115724672447
32 1 -1.9617174044710324
33 1 -2.220212723472679
35 1 .01388725993029025
37 1 .006899057196534706
52 1 .038425483757024266
56 1 -.012787227245840128
