%%MatrixMarket matrix coordinate real general
66 1 22
1 1 -2.868066700389515
2 1 .7099843005122083
4 1 .08666987100881309
5 1 -.004990918335363635
6 1 -.009754946605591936
7 1 -.0347687664889055
8 1 -.014733660213756257
9 1 -.030012197520209196
10 1 .08511642646481198
11 1 -.11345603929953912
12 1 -.009499813850164423
13 1 -.005097244787712836
14 1 -.024377959673252916
17 1 1.5674529826657153
19 1 -.004641326142018586
25 1 -.02753778250104213
29 1 .00502377289887109
31 1 -1.17332768847596
32 1 -3.2393070270123654
36 1 .031050645389615418
37 1 .03355066299992543
66 1 .54938511831194
