%%MatrixMarket matrix coordinate real general
52 1 25
1 1 1.2169964664234394
2 1 .49621749023617445
4 1 -.001887235029713297
6 1 -.0038750405483377135
7 1 3.8172423449186624e-05
8 1 -.06505809051333741
9 1 -.007867161637913105
10 1 .027777263474760106
11 1 -.02203248101323146
12 1 -.03364088495202811
13 1 -.00022386472141981548
14 1 -.09937976145161703
19 1 -.01205710787968289
21 1 -.009804760514988152
25 1 -.1837090199256833
27 1 -.011984795446671068
28 1 -.008138913525353201
32 1 -2.4684014654447055
33 1 -.0023510687713613246
34 1 -4.724770917302435
35 1 -1.050623988619817
39 1 .02930357531893568
41 1 .036715863814896256
47 1 -.0665319689930704
52 1 3.177870080285289
