%%MatrixMarket matrix coordinate real general
52 1 33
1 1 1.825727884469691
2 1 .5936994340954455
4 1 .07939481125731222
5 1 .009820679863843364
6 1 -.0051980755184845824
7 1 .03593405822346543
8 1 -.0408479369046804
10 1 -.05898076049951288
11 1 -.004415080596732662
12 1 .1084401234346885
13 1 -.08228557762857564
14 1 -.03445817853144769
16 1 .26585907059807123
17 1 .06277197068400083
19 1 -.01982622429924824
20 1 -.7969425137495222
21 1 -.02189940450203849
25 1 -.5260343247500222
26 1 -.25015329002401154
27 1 -.11048205418023695
28 1 -.08389391932988038
30 1 -.26437992244020236
31 1 -1.888485586661775
32 1 -2.6021757395115475
34 1 -2.8969278744132634
35 1 -.0381127151666701
36 1 -.0007293730016625401
38 1 .0021851543572102604
39 1 .05622403788196558
41 1 .14313947991845274
44 1 -.3022687185024937
45 1 3.2447928108215267
47 1 -.12454672767231675
