%%MatrixMarket matrix coordinate real general
62 1 21
1 1 -.3359133668644363
2 1 .40970380213325364
3 1 .03622960574700911
4 1 .011242307766936606
5 1 .0008759759146848285
6 1 -.009776940783299706
7 1 7.567152882935402e-05
8 1 -.08669239928170446
10 1 -.11736947397532439
11 1 .0005719775729023152
12 1 -.021038507428609687
13 1 -.0027018739282023392
14 1 -.05189102642812473
17 1 1.2034170395352866
21 1 -.0039042098063866233
31 1 -.24540893355665735
33 1 -2.875267605395307
34 1 -3.7120650747631725
39 1 .022643716573540723
50 1 .8115571848295481
53 1 .7799390049122547
