%%MatrixMarket matrix coordinate real general
66 1 25
1 1 2.414082257899673
2 1 .30679874578227734
3 1 -.01682178203504338
4 1 -.03469675857239269
5 1 -.00019390556975656942
6 1 -.040445953142019
7 1 .005087125556693615
8 1 -.08043414641371167
9 1 -.002373750010244383
10 1 .0165652321440496
12 1 -.03038984323570129
13 1 -.07922503950081523
14 1 -.10998159097612117
17 1 1.5345381845482464
21 1 -.09758867534504745
26 1 -.8010096576783594
31 1 -.7352517975013229
32 1 -2.9879854058527804
33 1 -1.847087822112379
34 1 -2.721287726989442
48 1 .019141233232401664
49 1 -.00017521274294390047
50 1 .13659683373013481
61 1 .8381018416968733
66 1 .016058851431209633
