%%MatrixMarket matrix coordinate real general
66 1 27
1 1 3.361281557097329
2 1 .33395922594085137
4 1 -.003513565777731908
5 1 -.020158850431818302
6 1 -.04978622025274563
7 1 .00028111732694828713
8 1 -.13034140938211627
9 1 -.00462520990781896
10 1 .09480537819990355
11 1 -.02018368846357573
13 1 -.19222469638635908
14 1 -.12081405500348391
17 1 .5121732241007723
21 1 -.27898530103822733
26 1 -.3676323400273603
28 1 -.0178566687260406
29 1 -.0002187314032058909
31 1 -5.433339454331728
32 1 -.47098829008635174
33 1 -1.089367526000125
34 1 -2.576258516424583
41 1 .0015879426699525996
46 1 .014841594440446275
48 1 .014078785957661395
50 1 .5079665151686839
61 1 2.3112832007443274
66 1 .42173003139859294
