%%MatrixMarket matrix coordinate real general
64 1 22
1 1 -2.1218198066286567
2 1 .7153381597745088
4 1 .00841429113611365
5 1 -.006036922316314726
6 1 .01627945813179381
7 1 -.05283168572607954
9 1 -.0036314936530172266
10 1 -.08871423292264274
11 1 -.019726717154902686
12 1 .17106223514213453
14 1 -.06214166609818932
17 1 -3.5828256335583513
19 1 -.005359223498147589
21 1 -.013747269898962359
27 1 -9.895486344184653e-05
28 1 -1.4843865794942563
31 1 2.073697476196567
32 1 1.3086771204881542
33 1 .8914006139069381
57 1 2.869888145115668
62 1 -1.046610145259139
63 1 .7387173813016021
