%%MatrixMarket matrix coordinate real general
64 1 36
1 1 -.6380940108787607
2 1 .47366169921852347
3 1 .0013187255001849661
4 1 -.03795065347376999
5 1 .0337715256980037
6 1 -.03982975082055572
7 1 .004705707188111334
8 1 -.04779576925412003
10 1 -.002571834221002637
11 1 -.014842296275550223
12 1 .1782677071708134
13 1 -.0468683908087618
14 1 -.10734439166024395
16 1 .040713778103378874
17 1 -4.722422680360813
19 1 -.0010882215635474683
21 1 -.007328139290427957
22 1 .014451317988371362
23 1 .027446244109313362
25 1 -.0002327617937439212
27 1 -.15100277706961662
28 1 -1.452316953598559
29 1 -.005245676606135552
30 1 -.0407661773396028
31 1 2.3817638187522805
32 1 1.629112000451438
33 1 1.26390442155865
36 1 -.08422669451053745
39 1 -.005742195799990723
50 1 -.007413307199353804
51 1 5.179031753020583
52 1 .1474903570022622
57 1 .4847257693799648
62 1 -.07901389285604116
63 1 4.650183879224384
64 1 -.07059786988487161
