%%MatrixMarket matrix coordinate real general
64 1 20
1 1 -3.300767722702164
2 1 .3926146260060934
5 1 3.379623707515086e-05
6 1 -.0007066979589405166
8 1 -.05524238192154417
9 1 -.004309916625897353
10 1 -.045733018267302465
11 1 -.05528431965085237
12 1 .1748870338535472
13 1 -.0025706892490551985
14 1 -.0016059491950630761
17 1 -3.9722051117298514
25 1 -.008957094628431571
27 1 -.006045854074012673
28 1 -.013260109986346474
31 1 5.232407166972225
32 1 .05351152829726163
33 1 .041961083010186646
62 1 -.055816995893720585
63 1 5.414755951920455
