%%MatrixMarket matrix coordinate real general
64 1 37
1 1 -.18249087332365654
2 1 .7621629022292059
3 1 .009615387741320454
4 1 -.06032495885364831
5 1 .030113064390054182
6 1 -.022073089390602086
7 1 .0032747492563820883
8 1 -.012443880033773374
9 1 -.0008209675490727997
10 1 -.05449349882713584
11 1 -.01453435699984143
12 1 .13961667478393283
13 1 -.08640515714646521
14 1 -.10384747972241912
16 1 .010644991693248703
17 1 -3.6860925984407085
19 1 -.16406163236113513
21 1 -.2009561393202267
22 1 .0006335397394889054
23 1 .004096700326026519
25 1 -.015283661103531217
26 1 -.14608844578185445
27 1 -.4090773979706177
28 1 -2.6257555269339665
30 1 -.010558106839095083
31 1 2.327657913283095
32 1 1.5999963965173822
33 1 1.1765581256898396
36 1 -.030081112119191674
38 1 .2168251107113392
51 1 1.9831439516753242
52 1 .3947828635377401
53 1 .059377224209729726
57 1 3.68580516648657
62 1 -.570636383021838
63 1 1.4576641634378433
64 1 -1.4036898693698834
