%%MatrixMarket matrix coordinate real general
64 1 20
1 1 -4.106866730822041
2 1 .7235213364021896
4 1 1.4942742615114535e-05
8 1 -.006678049007124273
9 1 -.004379706651967436
10 1 -.0400406818509673
11 1 -.03916607848498422
12 1 .23584891849375936
13 1 -.04060023404718932
17 1 -3.1019230235865227
23 1 -.018406483763705708
25 1 -.004677398466823016
27 1 -.17219798021483398
28 1 -.17155656195059743
31 1 3.906017442079801
32 1 .06115294197180106
33 1 .10760565085481946
52 1 .04182498619051892
57 1 .03502111431250919
63 1 4.328245333643079
