%%MatrixMarket matrix coordinate real general
64 1 20
1 1 -3.7219552506793185
2 1 .6603680356853732
4 1 .05145128842746791
6 1 .002949972612403589
7 1 -.027938649924866367
8 1 -.003422660564786261
10 1 -.015709548932106687
11 1 -.001759158941882225
12 1 .2029331331910406
13 1 -.019094357858807882
14 1 -.009246977457209394
17 1 -3.640336628359648
27 1 -.08848848241205312
28 1 -.03280471021966949
31 1 1.9797317854133905
32 1 1.1808954994355578
33 1 .7576282489530818
62 1 -.21852529559446704
63 1 5.579794310564018
64 1 -.0072937410364727825
