%%MatrixMarket matrix coordinate real general
64 1 30
1 1 -2.3284750607585076
2 1 .6997271900244743
3 1 .008827717494581888
4 1 -.050045277063392325
5 1 .0021650806759531734
6 1 -.03124046012735621
7 1 -.037341294978947996
8 1 -.00999503311492941
9 1 -.0025116092727571924
10 1 -.0117485521137947
11 1 -.04334302181040496
12 1 .21227622318308248
13 1 -.07337869215684942
14 1 -.09171060552967963
17 1 -3.0820055187428625
19 1 -.13292665904990253
21 1 -.1570439629671463
22 1 .008069988599891427
27 1 -.6016184071160587
28 1 -1.2844260644528092
31 1 5.2789419016602395
33 1 .044410602925862935
39 1 -.009101237068359303
51 1 3.3327203369381437
52 1 .591783386503875
56 1 .000281486957069979
57 1 .45395193179615767
62 1 -.04009090361274589
63 1 3.1475267129297513
64 1 -1.0305835978945999
