%%MatrixMarket matrix coordinate real general
65 1 29
1 1 -.9909323739686773
2 1 .4652590967394363
3 1 .01523315622622286
4 1 -.057343637702655485
5 1 -.023201479102347086
6 1 -.048270248742087525
7 1 -.01573633570408772
8 1 -.17394260514022555
10 1 .11375043139307506
11 1 -.027179996812004815
12 1 .278090399940707
13 1 -.06527742894120284
14 1 -.35109617768772544
17 1 2.6785019108794392
24 1 -.08864647469627683
28 1 -.08172449918589923
29 1 -.019155697146357373
31 1 -2.072881035545764
32 1 -3.4876285505290863
33 1 -.45172931521291765
35 1 .9082874245449567
36 1 .11221643723155866
37 1 -.25336366602425314
46 1 -.7008970926351575
47 1 .04101994996941409
54 1 .12076133947731686
56 1 .0017892382312679343
57 1 .6422885887187041
59 1 -1.9268761917152926
