%%MatrixMarket matrix coordinate real general
65 1 27
1 1 -1.6557859397974992
2 1 .35255533896835123
3 1 -.046596070570762906
4 1 .23133421283844405
5 1 -.07848758957063538
6 1 -.003068880548712165
7 1 -.09363760975123443
8 1 -.06743927285773456
10 1 .19819741955210532
11 1 -.049218150713516075
12 1 .1141394926066042
13 1 -.052606633608310874
14 1 -.05363584574636487
16 1 .02151862006484811
17 1 2.090767845720739
19 1 .02496525669120034
24 1 -.47601677628814626
28 1 -.07939622240200346
29 1 -.000635507266957958
30 1 -.021393281031419388
31 1 -2.148588683326156
32 1 -2.998768827294648
47 1 .06295065829758771
54 1 .11102371912079773
59 1 -7.121577300756452
64 1 .9492326696110208
65 1 -.7128514343589991
