%%MatrixMarket matrix coordinate real general
65 1 25
1 1 -2.863152415489079
2 1 .43353545470675575
3 1 .01781612648199934
4 1 .09772873379797797
5 1 .02212963753491467
6 1 -.06392111490544275
7 1 .017637826247206573
8 1 -.1679118036794079
9 1 -.0005421077052075692
10 1 .10730313160503226
11 1 -.021266566046719042
12 1 .11655098250767633
13 1 -.031409645952699676
14 1 -.15585460495742673
17 1 3.2354025701665443
19 1 -.09684764613268543
24 1 -.12511024005574217
28 1 -.01875345209433086
31 1 -1.5637388284795826
32 1 -2.31931695096403
36 1 .15995751937644212
37 1 -.4598717591887443
52 1 .23261984278008546
54 1 .035299618633258284
59 1 -.6430759834496553
