%%MatrixMarket matrix coordinate real general
65 1 35
1 1 -.12521891280896824
2 1 .5044604870015905
3 1 .0430646379271852
4 1 .0700429959706721
5 1 .005292566958900741
6 1 -.07533095453825052
7 1 .053208521966275686
8 1 -.18915262695500365
9 1 .028492114021068063
10 1 -.01975634458504841
11 1 -.03364717289145432
12 1 .09014499324153465
13 1 -.09430643454133642
14 1 -.08540983433190048
16 1 .008413414539149811
17 1 2.5779820499613004
19 1 -.22192142551714247
21 1 .05106172102387251
24 1 -.7399234998804675
26 1 -.0683264264737303
27 1 -.059457376500724635
29 1 .001977503377689615
30 1 -.008413603283746506
31 1 -3.3183852254384165
32 1 -2.6403353170705683
33 1 .006319776425266137
36 1 .10186620403740632
47 1 -.07758704505949482
53 1 -1.2023688799124146
54 1 .0559591941521213
55 1 -.5904381545101451
56 1 -.04370316446407611
59 1 -.6639675311906734
63 1 -.062594476139949
64 1 2.6335210388862498
