%%MatrixMarket matrix coordinate real general
65 1 25
1 1 -1.5994124700598418
2 1 .5748865889545964
3 1 .10084357046375866
4 1 -.04478462294361994
5 1 .0016965183781409402
6 1 -.10671252026521715
7 1 .04076437499961811
8 1 -.20486796928641826
9 1 .0021689203276720965
10 1 -.0018104370733626677
11 1 -5.787981879364083e-05
12 1 .21651712942452825
13 1 -.03259903913461691
14 1 -.20566775256212866
16 1 -.008586163212118313
17 1 2.1705574422141147
19 1 -.16498195421136527
24 1 -.02975661763756481
30 1 .008451413442243027
31 1 -2.272328957801843
32 1 -2.6636619469173177
33 1 -.08836396506332994
35 1 .15790652321851772
36 1 .10143950142776358
54 1 .008372281183977582
