%%MatrixMarket matrix coordinate real general
65 1 27
1 1 -.6266453927062097
2 1 .6227414806801684
3 1 .01271115417932367
4 1 -.01969711955927687
5 1 -.011045177947539585
6 1 -.04614784515380778
8 1 -.14122821084720827
9 1 .009848613496648352
10 1 .08479187195572467
11 1 -.0361299643205504
12 1 .024211212861333875
13 1 -.08014386556178793
14 1 -.028813857648042954
17 1 1.786958900516396
19 1 -.04220246492355219
24 1 -.12871040160264113
28 1 -.03758343984257893
29 1 -.024460040054589138
31 1 -2.7696617647181063
32 1 -3.742865585461135
35 1 2.419498456364897
36 1 .2877309365165875
47 1 .003497475048993756
54 1 .08005009496852629
56 1 .005207736615239666
57 1 2.6827328408865254
58 1 -.7879285770942593
