%%MatrixMarket matrix coordinate real general
65 1 21
1 1 -2.636923450743619
2 1 .2978145217019806
3 1 .009004082011752498
4 1 .02884091298760697
6 1 -.01041960367876732
8 1 -.11425919214439077
10 1 .06740149962896636
11 1 -.003764870573682102
12 1 .22145611775356916
13 1 -.02632927818306376
14 1 -.2151606912138099
17 1 2.4459022308411513
24 1 -.18539434550752218
28 1 -.020543005309158154
31 1 -1.3833537312469981
32 1 -2.398050558842498
54 1 .0479878566911435
59 1 -1.2352075463484684
63 1 -.5704042078641863
64 1 .06503620774004813
65 1 -.3569800084335446
