%%MatrixMarket matrix coordinate real general
65 1 21
1 1 -2.48515699930124
2 1 .5632686897941156
3 1 .014424687995884339
4 1 .08275587747564571
6 1 -.05011399108930606
7 1 .0055183902693839455
8 1 -.23859644342185332
9 1 .051323585079229725
10 1 .1914167077057821
12 1 .012509504702536924
13 1 -.0017204443993513927
14 1 -.022041277130501004
17 1 2.2301385516592416
19 1 -.033196285862668505
24 1 -.0751821477137855
29 1 -.026654418716125377
31 1 -2.4847902273737232
32 1 -1.812167481162524
54 1 .00015283770640528611
56 1 .040054654339695385
59 1 -5.131354547508275
