%%MatrixMarket matrix coordinate real general
65 1 31
1 1 .4582837230056107
2 1 .528712448083561
3 1 .026189340991444335
4 1 -.029833904459297685
5 1 -.06427478385782406
6 1 -.02185715449434246
7 1 -.020459992590503715
8 1 -.19600625313442832
9 1 .018567047006819062
10 1 .10708589422383104
11 1 -.00294540499309426
12 1 .17670080555615078
13 1 -.10824941700028555
14 1 -.12209876525862384
17 1 2.217526408225621
19 1 -.006597784618150855
24 1 -.49788348339661825
26 1 -.008401848823196993
27 1 -.0028459011178228683
28 1 -.05785024394456427
29 1 -.05479785112238036
31 1 -4.081518519657986
32 1 -2.9438164346901274
35 1 4.723524895077344
47 1 .011665691967225273
54 1 .12510386847039207
56 1 .01262470811014947
59 1 -4.593982769210164
63 1 -2.7941646297356395
64 1 2.7010075160995344
65 1 -1.7342566048476018
