%%MatrixMarket matrix coordinate real general
65 1 26
1 1 -1.1282656110423819
2 1 .42101297980222036
3 1 .016691938061410252
4 1 -.008934510111079218
5 1 -.0009114855872787202
6 1 -.04361989219747113
7 1 -.008832353760829923
8 1 -.08221861651097037
9 1 -.0028634979168250356
11 1 -.0017716095227907095
12 1 .15771034243284193
13 1 -.11313382058685197
14 1 -.20248673048723403
17 1 2.9752310051610715
19 1 -.004939269632787281
24 1 -.4512048138048881
28 1 -.08204976564712455
31 1 -.9253352843203945
32 1 -4.185810324131243
33 1 -.41455340285880976
35 1 1.2343536464180762
36 1 .24812615297291277
47 1 .01219261552481698
54 1 .1292773324390094
56 1 -.014370919518157131
64 1 .7417553439992557
