%%MatrixMarket matrix coordinate real general
71 1 29
1 1 3.3681321623890064
2 1 .5907081580154807
4 1 .18496024500600056
5 1 -.04743435691991831
6 1 -.002048531371297962
7 1 -.02896314570757881
8 1 -.019333954129967218
9 1 -.05429551409816133
10 1 .11206290400599377
11 1 -.016284657550793245
12 1 -.0174034020131733
13 1 -.015130318301147567
14 1 -.06897769324378286
19 1 -.35659417486539363
23 1 .0012027402799359317
25 1 .0014287786191703095
28 1 -.11242616183024473
31 1 -1.9014119985447069
33 1 -.8695948560837438
34 1 -3.052753866192546
35 1 -4.513918447357426
36 1 .0009636641405236442
37 1 -.005000888682863358
39 1 -.00021708474745516204
40 1 .2708118801552247
43 1 .19161694811432572
53 1 .5256182226236558
70 1 -.0003330056017804164
71 1 2.837977349531547
