%%MatrixMarket matrix coordinate real general
71 1 26
1 1 3.96875992048572
2 1 .3366961854077603
3 1 7.677022260727628e-05
4 1 .1028760786500165
5 1 .009572809997315857
6 1 -.03865811555863701
7 1 .012940383619995435
8 1 -.034076583941120155
9 1 -.016932212060142875
10 1 .1066418108202921
11 1 .044636706802484515
12 1 -.018015284093022974
14 1 -.11579890408231407
16 1 .006914320410281083
23 1 .003169143121860137
25 1 -.020902612308508203
28 1 -.21690719296310604
30 1 -.00683320972337058
31 1 -3.2548918198145658
33 1 -.08442281298608628
34 1 -2.434447302357126
35 1 -4.7346594331901155
37 1 -.030748461843221733
39 1 .06885596432904398
70 1 .03860588543336969
71 1 3.4153680963116146
