%%MatrixMarket matrix coordinate real general
71 1 24
1 1 2.177349030620861
2 1 .30923888550080975
3 1 .0031613820746124867
4 1 .29093649416546696
5 1 -.014937653609236674
6 1 -.018380476585597556
7 1 -.03178694550176882
8 1 -.04016450417372167
9 1 -.023507323017977196
10 1 .08988026458094818
11 1 -.04194024113603616
12 1 .004669433093236174
13 1 -.00402794899223258
14 1 -.07137966196799532
19 1 -.029850284791113953
21 1 -.0310655502542279
31 1 -2.447488649312382
33 1 -2.681478784443522
34 1 -3.128963714123473
35 1 -.9824730057654425
36 1 .0030133155061250697
53 1 .06040146322987769
58 1 .01667822730856379
71 1 3.833521900072062
