%%MatrixMarket matrix coordinate real general
63 1 30
1 1 .40812539628452793
2 1 .5047463583465343
3 1 -.005997280158224547
4 1 .1583994386121302
6 1 -.013099534817902178
7 1 -.001260083432788234
8 1 -.023102303728279556
9 1 -.030886304528431097
10 1 .04295178518826535
11 1 -.027314957034543123
12 1 .07835940782333623
14 1 -.12492354058573188
19 1 -.17078994477824586
21 1 -.11271845787317479
22 1 -.002000033109668753
23 1 -.001772693751185363
25 1 -.0006717264499259387
31 1 .0745174668106737
33 1 -2.5057159609831876
34 1 -1.0231043649103124
35 1 -1.6607035766803
36 1 -2.7712483074772947
40 1 .002136207981686984
47 1 .3672352839430198
52 1 3.5377573344882776
55 1 -.0004561829027540535
56 1 .02283036716744581
57 1 .24249574559908385
58 1 1.2932679251403283
63 1 3.1967708335160436
