%%MatrixMarket matrix coordinate real general
63 1 25
1 1 -1.3739208750826961
2 1 .6978905266318687
4 1 .04583336558923731
7 1 -.006817332051614563
8 1 -4.2558640776463074e-05
9 1 -.005379648561057938
10 1 .12740804597854866
11 1 -.0015553332539777443
12 1 .04601985820553009
14 1 -.021960470282463007
17 1 1.1951768162307264
19 1 -.018392532308695846
21 1 -.0063065314254347245
22 1 -.003724383078233459
29 1 -.005070923627549291
31 1 .017530186809717435
33 1 -3.3521301474006893
34 1 -1.3280134696624828
35 1 -1.2449935087792816
36 1 -.5083366958791186
38 1 -.0020007669704740854
47 1 .03754964926390311
52 1 .459592484983956
55 1 -.00365964106059633
58 1 .44927055208456274
