%%MatrixMarket matrix coordinate real general
63 1 25
1 1 2.075941628605894
2 1 .44294615229357426
3 1 -7.38958369507304e-06
4 1 -.012176275667548505
5 1 -.003189904827455226
6 1 -.036223852890864744
7 1 -.02133460608310881
8 1 -.03453141706244007
9 1 -.012807242208594721
10 1 .1532558472928026
11 1 -.0167429163680135
12 1 -.0024103303738660024
14 1 -.03514657852534015
19 1 -.1879871159653346
21 1 -.0534664934828961
31 1 .144073113460692
32 1 .09396307934805252
34 1 -1.618600450444001
35 1 -5.449983410405988
36 1 -2.690687790142137
40 1 9.258968568697197e-05
47 1 .7451999928708153
52 1 .7312001882992479
55 1 -.0009164314962356448
63 1 .9467449073939667
