%%MatrixMarket matrix coordinate real general
63 1 39
1 1 1.5219441819383732
2 1 .6270404141759335
3 1 -.0030133461901724443
4 1 -.009346505604326993
5 1 -.00015192697898718514
6 1 -.021730993796517786
7 1 .0008682997143839844
8 1 -.005699514991211574
9 1 -.021077500189699665
10 1 .01751594572066347
12 1 -.017505527297112963
13 1 -.009335460362763504
14 1 -.08789180417722682
17 1 .57624293791613
19 1 -.04340911022844666
21 1 -.48379065775734187
22 1 -.09830711105240397
23 1 -.0005733825705572323
25 1 -.002210421595690454
28 1 -.008833742538498411
29 1 -.0556866373497376
31 1 .014736072285399318
32 1 1.3714130944837946
33 1 -.03925570962822054
34 1 -3.211382981652744
35 1 -2.5898374134998305
36 1 -3.0824541969456756
38 1 -.05420990312747279
40 1 .005489679783567631
47 1 .5562164814162834
50 1 -1.4179442769117139
51 1 -.004814891876923023
52 1 .6444340147834475
55 1 -.028569581144046015
57 1 .6323048339163581
58 1 2.4561026749719486
61 1 -.007341037643198692
62 1 -.3323104000648034
63 1 4.58514532932202
