%%MatrixMarket matrix coordinate real general
63 1 32
1 1 -.9348253734422558
2 1 .5426237420000237
3 1 .02560114482194896
4 1 -.02404118171771492
5 1 .03054387121880774
6 1 -.03451747614504364
7 1 .003987768215178057
8 1 -.03266915074159614
9 1 -.0015118973559065873
10 1 -.053075732315771645
11 1 -.023203451463664634
12 1 .022521444974545328
13 1 -.01748825347345059
14 1 -.044727454158270175
16 1 -.0015404341958373821
17 1 2.9831288557347957
21 1 -.23360076576054398
22 1 .011166864003095453
23 1 -.0069607727919272005
25 1 -.043937089437477296
30 1 .0015399734180055308
33 1 -.13669368027490184
34 1 -.13859979424351762
35 1 -3.5746984586190136
36 1 -3.2735843601969132
40 1 .04754026522962721
53 1 -.6926771826804873
55 1 .007484011511198314
56 1 .023750064028228716
61 1 .01706835155660035
62 1 -1.1701408859697575
63 1 3.324911628993206
