%%MatrixMarket matrix coordinate real general
61 1 26
1 1 -.7124347473160544
2 1 .4783180645139652
3 1 -.00022007932512301445
4 1 .2704561578308704
5 1 .026749185490727266
6 1 .060965336234635646
7 1 .002468789243359616
8 1 -.04019660286958289
9 1 -.024005204009863654
10 1 .09837492943173747
12 1 -.010377404531398479
13 1 .0004933543031835872
14 1 -.038213730481675076
16 1 .044246375573193476
20 1 -.05518360030406259
21 1 -.04443592202001174
22 1 -.007996710610899667
25 1 .2973532752981135
30 1 -.04384582384030332
31 1 -1.4393826780809553
32 1 -1.7821814563210052
33 1 -2.4989011282914957
44 1 -.001091281312193137
49 1 -.16391001886849527
51 1 .010688800321600047
60 1 .08770253198723073
