%%MatrixMarket matrix coordinate real general
61 1 32
1 1 -.09039015286150676
2 1 .42941113364793143
4 1 .0944020023855044
5 1 .05181523880757951
6 1 -.0008584518256258649
7 1 .03238040257238115
8 1 -.10032446994778675
10 1 .10956990218989533
11 1 .02603471081041712
12 1 .02797933804195719
13 1 .00435458950276209
14 1 -.16515184131490906
16 1 .13260168747453607
17 1 .5446579098177453
19 1 -.02037306931544785
20 1 -.026968074633866124
21 1 -.15987857079343606
25 1 .2077628727026484
27 1 -.00014231603465146778
29 1 -.0005692299273242594
30 1 -.13166093360443362
32 1 -1.0096126254621312
33 1 -1.265717543563575
34 1 -4.221470308943392
36 1 .03742000041933727
44 1 -.00015738061422250607
45 1 6.4635526143178375
49 1 -.14546812765608078
51 1 .28861335364269697
55 1 .1315471117129812
59 1 -2.1283193433030605
60 1 2.393356279469982
