%%MatrixMarket matrix coordinate real general
61 1 44
1 1 1.736885327843189
2 1 .4240054487665482
3 1 -.04694300041483199
4 1 .20163984570527946
5 1 -.08148283576345748
6 1 -.00434753883510435
7 1 -.013540641889109615
8 1 -.020791920751125653
9 1 -.0024015258300888777
10 1 .07173953456672275
11 1 -.046704140320015804
12 1 .12979748764601523
13 1 .004684649701808262
14 1 -.21761715894181471
16 1 -.0242497761179549
17 1 .5411364083539876
18 1 .15252089159932425
19 1 -.13280228506666522
20 1 -.2571462040557178
21 1 -.022168645216204378
22 1 -.11327749182074796
23 1 -.003354608962071151
25 1 .5091977694136742
26 1 .02974275899651836
27 1 -.1102934293309395
28 1 -.00505714119669328
29 1 -.007557315533514323
30 1 .02409362197785667
31 1 -2.6402458586287505
32 1 -1.7465083712752167
33 1 -3.1670286959157163
34 1 -.9450858038319228
36 1 .056455339822144665
40 1 -.024641905380633804
41 1 -.11459664762079932
43 1 .20407991189424468
47 1 -1.0268368311731564
49 1 -.09659957722728582
52 1 .11138674160941155
53 1 -.6860487017821243
55 1 -.584415512140209
57 1 -.035038187317058996
60 1 .6623790453767711
61 1 -.108589149114942
