%%MatrixMarket matrix coordinate real general
61 1 34
1 1 2.1390129103865485
2 1 .4047209791726657
3 1 .00851120419881175
4 1 .04452271764190579
5 1 -.049169052581870494
6 1 -.024306920917175723
8 1 -.08264862338039815
9 1 .05390358103624836
10 1 .08333771170115341
11 1 1.8686636331164377e-05
12 1 .11177137436714486
13 1 .011392250057361851
14 1 -.27917185941734823
16 1 -.015788440977869637
17 1 .5527092241772923
19 1 -.11349874397337624
20 1 -.05000711451100037
21 1 -.04428265983754754
22 1 .006698338042445491
27 1 -.060661178224354274
28 1 -.19829505309265197
30 1 .015658790546289613
31 1 -.00029429124321624854
32 1 -1.7479878467833663
33 1 -2.448789717325726
34 1 -5.010974420851661
36 1 .014033108184596995
44 1 .026222443855970463
47 1 -2.262390853437401
49 1 -9.718007875881404e-06
57 1 -1.1286447143895002
58 1 .044584173239660664
59 1 -1.1076122978185368
60 1 .8892973727942836
