%%MatrixMarket matrix coordinate real general
61 1 39
1 1 2.9849291393686874
2 1 .26771251414168795
3 1 -.021679249675316693
4 1 .11797993482428712
5 1 -.002752449831483195
6 1 -.036891057423416175
7 1 .000514283023588962
8 1 -.07318921254705484
9 1 .01957038847432902
10 1 .08512417331825462
11 1 .03421040704514803
12 1 .07793475202198935
14 1 -.2026308080873547
16 1 .005886160752895419
17 1 .3252437363557267
19 1 -.21945867521742585
20 1 -.097186857955096
21 1 -.12969328456628518
22 1 -.004030028423047655
23 1 -.054590061372038014
25 1 1.27873863887811
26 1 -.0029796442857665533
27 1 -.005114011936400494
28 1 -.02371504827908694
29 1 -.02664115714289902
30 1 -.005885114681056865
31 1 -3.450242448002681
32 1 -.6676637473583025
33 1 -3.4610791873251103
34 1 -1.823250927033985
36 1 .13280078929067668
44 1 -.034554912531012595
47 1 -.5648771239528835
49 1 -.12723094504452598
50 1 -.01915144810308367
57 1 -.8389809657983973
58 1 -.13353037319514313
59 1 -.995301726577762
60 1 1.041558026280516
