%%MatrixMarket matrix coordinate real general
61 1 33
1 1 .5294730949911619
2 1 .47423069374780885
3 1 -.011525044690545636
4 1 .10337533966632853
5 1 -.0021686869799367953
6 1 -.0026185788494554993
7 1 .004457145553770227
8 1 -.043643733204160935
9 1 -.02195572910955029
10 1 .07942156844874097
11 1 -.0026184611142175927
12 1 .019889640442158546
13 1 -.0010546585356460483
14 1 -.18821495607472413
16 1 .0034765728385597666
17 1 .42747571573212706
20 1 -.8149506588570442
21 1 -.11732962169137065
22 1 -.061893567412432016
25 1 .007181623900063745
27 1 -.12557276626671546
30 1 -.003476448340843258
32 1 -1.4274325717442806
33 1 -2.616201323541782
34 1 -2.4595978019516678
36 1 .009890353503374805
49 1 -.07835569887497453
51 1 1.3450091913840698
56 1 -.4602793387471306
57 1 -.01663673229590591
58 1 .0058772808663263894
59 1 -1.5285912695044819
60 1 3.3470966534549564
