%%MatrixMarket matrix coordinate real general
61 1 28
1 1 -1.1821429325701835
2 1 .5985744207570772
3 1 .0041327149449763454
4 1 .22636597043442888
5 1 .0054533065985416605
6 1 .04004684686666169
7 1 .013722260499389495
8 1 -.04207969116019686
9 1 -.029882992668899978
10 1 .10652528928268191
11 1 -.03960728113849872
12 1 .07017288747611049
14 1 -.14043377950133795
20 1 -.09151763503260055
21 1 -.03239731641140492
26 1 .002724162101834029
27 1 -.05596937480907367
32 1 -1.040872076689116
33 1 -1.7999023276407597
34 1 -3.0543796960882057
40 1 -.0008719292641169068
45 1 .5680198996389644
49 1 -.06637033773115955
51 1 .4727863829488121
56 1 -.02567579468555359
58 1 .03569637663813658
59 1 -.2558837716023277
60 1 1.1663264843244328
