%%MatrixMarket matrix coordinate real general
73 1 50
1 1 -1.4634591732529865
2 1 .4845055644299216
3 1 -.0004274617086475009
4 1 .1373442494955935
5 1 .008572701674652032
6 1 -.09858481852729292
7 1 .009858247381097278
8 1 -.20492355600383935
9 1 .0011871565359661436
10 1 .06378871816864627
11 1 -.0264220590702503
12 1 .1706660519856354
13 1 8.452203468313302e-05
14 1 -.04282320572200687
16 1 .11706922981801253
17 1 2.795185935499205
19 1 -.2259903716470599
20 1 .07370892402654138
21 1 -.8441646988976507
23 1 -.021481559565695803
27 1 -.11680881851682304
29 1 -.11510690650241492
30 1 -.03531422435766629
31 1 -2.8059291114553644
32 1 -1.5034718469169532
33 1 -.17437559246323894
34 1 -.42210374407841766
37 1 .0039685109787150645
39 1 .044946465699577415
40 1 -1.4821089990398992
41 1 .004198977693495304
45 1 -.06531991214114853
47 1 .24264395105762024
48 1 -.8827802602895363
49 1 .5752818485770845
52 1 -.016066785357677076
54 1 -.0008681795323379788
55 1 -1.4061507864771026
56 1 1.6946496287245847
59 1 .06391734228792317
61 1 .41705261138443417
62 1 -2.1015460375212616
63 1 1.3097449854350898
64 1 .9785544667253064
65 1 2.242994266446814
68 1 1.4102163061273076
69 1 .5137507206055278
71 1 1.5961395012006818
72 1 -.47645856222407806
73 1 3.22276892955459
