%%MatrixMarket matrix coordinate real general
73 1 25
1 1 -1.0403296770040455
2 1 .35657049486123804
4 1 .23089877724519545
5 1 -.00025471039687454295
6 1 -.050883342325609184
8 1 -.1864576476240974
10 1 -.003653150312229276
12 1 .08293162386662623
13 1 .02033329279607635
14 1 -.05167283644116886
17 1 1.0760225133778163
19 1 -.017447187030742065
21 1 -.13865011516367953
23 1 -.01644393214075172
27 1 -.08247810399991887
31 1 -2.0909336672604053
32 1 -.7931139790693892
33 1 -2.6056455713700357
37 1 .0307993146925473
59 1 .026114064051837915
61 1 .00643422722012448
63 1 .07001001956893121
68 1 .5957523833712778
69 1 .0018787131035371836
71 1 .3923730749434158
