%%MatrixMarket matrix coordinate real general
73 1 31
1 1 -1.5063116501971603
2 1 .5814090043201734
4 1 .044283329329053205
6 1 -.08290117065165467
7 1 .008992880294687707
8 1 -.22655618399590596
9 1 -.007742864044359073
10 1 -.09831283471466169
11 1 3.018172403716127e-05
12 1 .16275547715721184
13 1 .002549978080782015
14 1 -.06002905032371551
16 1 .12363424092343636
17 1 1.6282924913918124
19 1 -.15675798845958844
21 1 -.46838209425925126
27 1 -.1448758523621412
29 1 -.12188700125083614
31 1 -2.982059262623554
33 1 -.4573957401993532
34 1 -1.3189311098361078
37 1 .048332696748922814
40 1 -.05666119547097456
41 1 .0327723944623649
52 1 .010823513260004757
59 1 .00657959013095206
61 1 .5537135443226429
68 1 1.5501224133497156
69 1 .2878481339583676
72 1 -.03380761792382399
73 1 1.129948939120675
