%%MatrixMarket matrix coordinate real general
56 1 37
1 1 3.7636183349741223
2 1 .3574838660291751
3 1 .016278811939531655
4 1 .13500094893444137
6 1 -.0895620385248751
7 1 .013339107807115544
8 1 -.1547100794900862
9 1 -.00023004204847131823
10 1 .09613685074238902
11 1 -.005751256566486702
12 1 -.08220970639511292
14 1 -.2523337600274178
16 1 .017600097278166086
17 1 .05040984122507437
20 1 -.026880285352253484
22 1 .0007168607758531722
23 1 -.06727014032941582
25 1 -.24414963592751565
26 1 -.17329980906998915
27 1 -.13556724557861238
28 1 -.0242686061125521
30 1 .01748368921777915
31 1 -.9596660367921229
32 1 -.14739485380677772
33 1 -.1397805576154213
34 1 -.23611725607461204
35 1 -8.116734158401513
36 1 -.8223801390418998
39 1 .06767469271655199
40 1 -.00021871407458206219
42 1 -.02254436458263602
45 1 5.678794631917301
46 1 .09523224272579567
49 1 .07939113834689282
51 1 -.0030659311590412403
54 1 .6617501028740119
56 1 -1.4338569323310588
