%%MatrixMarket matrix coordinate real general
56 1 21
1 1 2.016751327268138
2 1 .3978697749870237
4 1 .05079622722273901
5 1 -.0032669918168716627
6 1 -.05808389826123421
8 1 -.0823388911191699
9 1 -.036160517300145585
10 1 .08843047078836112
12 1 -.11748086269942071
14 1 -.18702909135344678
17 1 .28087201747411117
26 1 -.06174542073031116
27 1 -.07586965872202371
28 1 -5.928687691039749e-05
32 1 -.07364004968604726
33 1 -.06217532907098245
34 1 -.7495588051178248
35 1 -6.022949596104347
36 1 -2.3701700321589847
46 1 1.294836870994228
49 1 .02076670951694481
