%%MatrixMarket matrix coordinate real general
56 1 30
1 1 2.4640974016365025
2 1 .5536188916112876
3 1 -.007556365681670106
4 1 .27623118740862623
5 1 .003967123903291626
6 1 -.02565253894016104
7 1 .01157814135984477
8 1 -.0758138526444242
9 1 -.0004237930476300432
10 1 .07675909249328854
12 1 -.010238166853729918
13 1 -.003714230237741073
14 1 -.1306688955594588
16 1 -.0030627194764978154
20 1 .07440814991941719
22 1 .0947591157405238
26 1 -.09516171572246905
27 1 -.0007000705171144798
28 1 -.020963275566908978
30 1 -.0030469436728764194
31 1 -2.3855326983345635
32 1 -.8547520053438041
33 1 -.5577308580781415
35 1 -6.074616083819045
36 1 -1.0648243406823377
42 1 -.009089593550888784
46 1 .65496914010142
47 1 -.29066416491038755
49 1 .16248287681864923
53 1 -.2194845200780371
