%%MatrixMarket matrix coordinate real general
56 1 22
1 1 1.5236818805332826
2 1 .32150303570418926
3 1 .006038402931575781
4 1 .048674121024613784
6 1 -.06678845206883333
8 1 -.026659908431150358
9 1 -.023972957378788576
10 1 .13703243458510483
12 1 -.08012317944656222
13 1 -.00015015180452604586
14 1 -.24964235014352157
16 1 .001078254568698519
20 1 -.02385901381662509
22 1 .00040978642180099277
26 1 -.01592768907178646
27 1 -.10502793867200672
28 1 -.0005192741158312229
30 1 .0010491532358051813
34 1 -.1601969235613716
35 1 -6.149421506530703
36 1 -1.8997716549435277
56 1 -.3686392356978812
