%%MatrixMarket matrix coordinate real general
56 1 29
1 1 4.25984752030915
2 1 .31298843306633184
3 1 -.037721421387464905
4 1 .09852182393126055
5 1 -.003293260058152775
6 1 -.03396822828219594
8 1 -.06513364978368497
9 1 -.077743895953112
10 1 .040740838839015144
11 1 -.00041298047421038983
12 1 -.0515259184440991
13 1 -.0022243628151609497
14 1 -.22859932350812853
20 1 .01068688157017588
23 1 .008082492633155058
25 1 -.12611533663983046
26 1 -.1297146369391294
27 1 -.2465192442331409
28 1 -.05578443034092238
31 1 -2.0802409149257524
32 1 -.04153149457917085
33 1 -.014835767658347649
35 1 -6.923112932311084
36 1 -2.0155435005643914
42 1 -.005992376397190368
46 1 .8136166467257324
49 1 .4882503249394018
54 1 .13564613273899948
56 1 -1.16309873492987
