%%MatrixMarket matrix coordinate real general
61 1 28
1 1 -2.9819728696491117
2 1 .4410927415863387
3 1 -.009147660201029292
4 1 .2918133882239952
6 1 -.007347024354262137
7 1 .03294106987663101
9 1 -.012445148759532931
10 1 .0014200864709756139
11 1 .10132700386250056
12 1 .2337145270424192
13 1 .008506714067948337
14 1 -.09193075151740754
17 1 4.484357780337683
19 1 -.03669306253331293
22 1 -.1687326227084747
25 1 -.0817229909766785
28 1 -.025427975464384998
29 1 .020000028893105055
31 1 -1.026655772760102
33 1 -3.498353892878498
39 1 -.08126216658326048
45 1 -.00373785165802742
48 1 -5.704721539943123
49 1 -.1300305758285919
50 1 .19865340406571577
56 1 -.48827775733515366
59 1 -.11403421727739588
60 1 .9819554329634989
