%%MatrixMarket matrix coordinate real general
61 1 29
1 1 1.618262508200841
2 1 .3583422233325544
3 1 .013219587858330037
4 1 .09729452811391745
5 1 .07929950954320582
6 1 -.057427741455162926
7 1 .06813977687055224
8 1 -.07195149960055577
9 1 .01955995051797756
10 1 -.046853024038815416
11 1 .07577446093170695
12 1 .0841953690105641
13 1 -.018607080222228376
14 1 -.13221745959965805
17 1 2.723761314093798
19 1 -.10299785470130403
22 1 -.29599851027016216
23 1 -.0006646555722077101
25 1 -.19925223055024144
27 1 -1.721227037974733
29 1 -.00622538300470792
31 1 -.19275782553401621
32 1 -4.979315275643137
33 1 -1.7240774654829747
49 1 -.010196374074548743
57 1 -3.726721186978108
58 1 1.6933443222961175
59 1 -.03224997979389939
60 1 2.532338919695141
