%%MatrixMarket matrix coordinate real general
61 1 23
1 1 .7800081683925804
2 1 .3233447610546845
4 1 .11221580932833375
5 1 .02634209823053178
6 1 -.022225985112063307
7 1 .028231806278266037
8 1 -.03646485626845319
9 1 -.005368473808475995
10 1 -.0670618659113274
11 1 .011118319698944683
12 1 .08072159790044294
13 1 -.002712616768255737
14 1 -.17751556648207253
17 1 .22898125395550806
19 1 -.0162361602118116
22 1 -.002338655672087069
25 1 -.05129324232156318
31 1 -2.1643229285839234
32 1 -4.823577133993975
33 1 -.9380551106834494
44 1 .9737109643940093
51 1 .052989450474037324
60 1 .5956852628367684
