%%MatrixMarket matrix coordinate real general
61 1 26
1 1 .17214772441600168
2 1 .4318614230217477
4 1 .28103778470017793
5 1 .015004365663385246
6 1 -.019156348277559927
7 1 .014419517022936963
8 1 -.016569879192832947
9 1 -.013187760504101012
10 1 -.057200644023658744
11 1 .0005250988955060961
12 1 .10597566096250412
13 1 -.00031249839449898445
14 1 -.15190018845052522
17 1 .01434139154558568
19 1 -.0064172629300028195
25 1 -.050436113136332304
28 1 -.04230122080522073
29 1 .00012658768027799528
31 1 -.43234535782994243
32 1 -3.5211516544423556
33 1 -3.7966185473652105
39 1 -.2656271024840444
44 1 1.2249310789931145
45 1 -.01118493206660027
49 1 -.0965329606781729
51 1 .4273600504348786
