%%MatrixMarket matrix coordinate real general
61 1 23
1 1 -1.9894014597912033
2 1 .5970369772222822
5 1 .002270750645668509
6 1 -.03206258218195527
8 1 -.04074419980430709
10 1 -.011705258047545467
11 1 6.658143520965897e-05
12 1 .17324064967039657
14 1 -.11566461348888996
17 1 3.017282440555641
19 1 -.006266473746356223
22 1 -.052083435486831135
25 1 -.08494716378521378
29 1 -.004989991162624897
31 1 -.7311793877528857
32 1 -.6370192463068805
33 1 -3.8331778977337048
44 1 .1868776322355407
48 1 -.47393235713396437
49 1 -.9410111656039031
51 1 .15993661933672884
57 1 -1.179931269493914
59 1 -.683304979995612
