%%MatrixMarket matrix coordinate real general
61 1 23
1 1 .3043901404171754
2 1 .3659571819317281
3 1 -.0006057468666173452
4 1 .15109724423861312
6 1 -.0035755253020789838
8 1 -.012786760055726818
9 1 -.0025638220500041886
10 1 .005030411912143284
11 1 .010338468459789965
12 1 -.004504601687233716
14 1 -.11462548522949735
17 1 .3630805040325241
25 1 -.05819295233696365
31 1 -2.8866725676928726
32 1 -1.1379391009329365
33 1 -3.6287021733103226
38 1 .01930355184020972
39 1 -.07646580526594841
44 1 1.3832964154312692
45 1 -.014626007111042743
49 1 -.012434982720159513
50 1 .12290412313072573
51 1 .3618554068273703
