%%MatrixMarket matrix coordinate real general
61 1 28
1 1 .9482925678677985
2 1 .07788328866782404
3 1 .002338598457298866
4 1 .043086880266843555
5 1 .04256836985637417
6 1 .007854614517159261
7 1 .06017286626591557
9 1 -.0007347433115214388
10 1 -.06003123284406998
11 1 .02178644798809347
12 1 .021806200055462514
13 1 -.03507390283075623
14 1 -.1490113540332061
16 1 .0005420846514878805
19 1 -.053103544277708914
22 1 -.0008783917012869287
23 1 -.0007239672029729063
25 1 -.07760249557898777
27 1 -.013232673721344635
29 1 .02015869787502509
30 1 -.000539665692169278
31 1 -1.6110734575316308
32 1 -5.729387860215817
33 1 -.9370730304596778
44 1 2.021973659073676
51 1 .2552910909721955
58 1 .013283448712248968
60 1 .6902067743199608
