%%MatrixMarket matrix coordinate real general
62 1 36
1 1 -.6609069912010765
2 1 .4030738640943372
4 1 -.038945046729920864
5 1 .07930728019384091
6 1 -.05980626054439872
7 1 .03631247452374366
8 1 -.08535930661968544
9 1 -.015355965841515098
10 1 -.00036414813688403726
11 1 -.00015308604323483325
12 1 .09176221981449469
13 1 .15931520840120167
14 1 -.19185163095225283
17 1 3.7517171450446614
19 1 -.054855454195187524
20 1 .00013545505965763827
21 1 -.08613580370119418
23 1 -.03847651537956882
25 1 -.037318069078781005
27 1 -.1478060597238978
31 1 -.7063163637671741
32 1 -2.3315642331206154
33 1 -2.77837458790927
34 1 .1638212859096665
36 1 6.8928462364420335
38 1 -1.4668051216069642
39 1 -.052950964479306764
40 1 .03252334707126459
42 1 -.35041208124185363
43 1 3.766160680246323
50 1 .0008671410978019112
54 1 .38999008900911997
55 1 .013460355365425959
58 1 -1.0274269864309293
60 1 -.10858691593664485
61 1 3.686971802454841
