%%MatrixMarket matrix coordinate real general
62 1 36
1 1 -2.011813891833272
2 1 .5057307600971804
3 1 .041275153511488596
4 1 .013950275097146737
5 1 .019190991342218033
6 1 -.049995621187458664
7 1 .006919400995636933
8 1 -.0756608595755218
9 1 -.05187107989848903
10 1 -.041477517063677964
11 1 -.0034506020676552825
12 1 .16638828169685993
13 1 .03292570793909075
14 1 -.21966203373753249
17 1 3.4258352188299934
19 1 -.024377921211736577
21 1 -.0682603310164835
23 1 -.0006302521443275229
25 1 -.052230188064633934
27 1 -.037609324802262784
29 1 .04525889614471625
31 1 -.03112076373832944
32 1 -2.5635149777330803
33 1 -2.027133761317554
34 1 .0694911183148472
35 1 -.004816956209225229
37 1 -.012476112254763163
38 1 -.7045297050875463
39 1 -.029210461619424928
40 1 .04471473325567764
42 1 -.14285295121245403
43 1 .1026368705151106
50 1 .021578382683108042
54 1 .11602132133849449
55 1 .008809441223910444
61 1 1.3099007729992413
