%%MatrixMarket matrix coordinate real general
62 1 24
1 1 .30417488014964533
2 1 .5446670862214301
3 1 .02556365392140919
4 1 -.009928061967065843
5 1 .02433962684300938
6 1 -.02825168637947072
8 1 -.07398403487854617
10 1 -.0384647747657439
11 1 -.010104889541885912
12 1 .020818613387347615
14 1 -.14015996886747217
17 1 .09792475767793274
21 1 -.024386961661230402
25 1 -.014334360143145975
29 1 .004945726000571285
31 1 -.030215791385909352
32 1 -4.505022182666766
33 1 -2.6759134875792303
34 1 .025040475025295213
40 1 .04265534079564283
43 1 4.496438708880026
54 1 .003511895262870665
55 1 .034568622351178434
61 1 .9804393917545857
