%%MatrixMarket matrix coordinate real general
62 1 38
1 1 1.3893265275806046
2 1 .5636674646709693
3 1 -.0006615413018622804
4 1 .06812322256292147
5 1 .0011222423194378354
6 1 -.045961450571585225
7 1 -.0036062145892759865
8 1 -.09342333381221812
9 1 -.015996298476660505
10 1 -.003987885508851306
11 1 -.013087293382979929
12 1 .10467356394624952
14 1 -.25589129222536644
17 1 .7849587253600892
19 1 -.18224075575408777
20 1 .056426164022571515
21 1 -.0829009596963695
22 1 .00675864772168431
23 1 -.009207382464428336
27 1 -.14546524821972645
29 1 .07380795578261078
31 1 -1.7787301715240984
32 1 -.9753906590931932
33 1 -5.466581895866082
34 1 .29412595970817335
35 1 .012516513207918677
37 1 -.06983449575563847
38 1 -1.0917777058648215
39 1 .0787599960128927
40 1 -.00032610890580765325
42 1 -.009339469570861056
43 1 1.8457037665575662
45 1 -.07250559930000247
49 1 -.061869763590183174
50 1 .1083933832949894
54 1 .3000193975928563
55 1 .05070718552197853
61 1 .7111439781166979
