%%MatrixMarket matrix coordinate real general
62 1 40
1 1 2.853276992238688
2 1 .39239235791853866
3 1 -.0059023935984744876
4 1 .028959734895786255
5 1 .03369751146007906
6 1 -.03902858857008965
7 1 .02185234865485464
8 1 -.09429537897012139
9 1 -.028250077766390512
10 1 -.007020357461029762
11 1 -.020226803076605793
12 1 .013727956532432846
13 1 .01310534986297223
14 1 -.2592625691762524
17 1 .9768195469762407
19 1 -.3286185926088021
20 1 .06173117259628263
21 1 -.11880573712045045
22 1 .0058739096281425675
23 1 -.0830472339056474
25 1 .0002632513581013299
27 1 -.6004861936794199
29 1 .01610266635927552
31 1 -1.543380657813909
32 1 -1.6783902185977198
33 1 -5.737124037660086
34 1 .6635455847919551
35 1 .01904103787149702
37 1 -.024602038719309414
38 1 -.8539922765208455
39 1 -.008810461622076667
40 1 -.0036247958346775386
42 1 -.1824179295905838
43 1 3.9638859190351865
46 1 -.0009260206475232375
49 1 -.007092593846839981
50 1 .22020255588266274
54 1 1.0476695585353615
55 1 .18752844341622105
61 1 1.4312653327042284
