%%MatrixMarket matrix coordinate real general
62 1 38
1 1 2.1411831221728663
2 1 .6453486989429419
3 1 -.015421222319919155
4 1 -.02541281679785628
5 1 .0156769307268621
6 1 -.05878763402366946
7 1 .003772611195103648
8 1 -.10162649267104736
9 1 -.018524273778945284
10 1 .02263239166955825
11 1 -.02083419067103968
12 1 .12546372634444727
13 1 .038378357511541804
14 1 -.17153375977797092
16 1 -.0007837478754688829
17 1 .6231703864867498
20 1 .014797585852283015
21 1 -.07948073416991262
27 1 -.000982093091611172
28 1 -.027331644563203732
29 1 .11328114844415456
30 1 .0007786564110037589
31 1 -3.7581915710895655
32 1 -2.738666846988187
33 1 -2.255081472516724
36 1 3.2920628139441805
37 1 -.024389692699709007
38 1 -3.713445840982917
39 1 -.018333919322296215
40 1 .006520628085090226
42 1 -.5674758474456235
50 1 .0020190835304477075
54 1 .04218657981375935
55 1 8.42717842225711e-05
57 1 -2.607399569695103
58 1 -.0006023881061771606
60 1 -1.0943382811163354
61 1 4.083240021034748
