%%MatrixMarket matrix coordinate real general
62 1 32
1 1 2.998488712596644
2 1 .3959200029350237
3 1 -.01772139886135499
4 1 -9.70157744871093e-06
5 1 .027723357943755033
6 1 -.015833838747128584
7 1 .025040873185398764
8 1 -.028535841401913085
9 1 -.03228379194737554
10 1 .012294809533153801
12 1 .17899865377080698
13 1 .11958528108222748
14 1 -.24714307087235993
16 1 .011139317982439457
17 1 .11159655790736854
19 1 -.050036436517302364
21 1 -.05143640695780427
23 1 -.029762172506974747
27 1 -.18509097543255745
30 1 -.011052441273347714
31 1 -4.242657717465059
32 1 -.49561498938373433
33 1 -5.037536778352075
34 1 .10364741339233431
36 1 1.6078397794579176
37 1 -.0022119017160883462
38 1 -.8475802765579162
39 1 -.013219786653147908
42 1 -.08301749089240153
50 1 .008700058944531288
54 1 .35949932850121613
61 1 1.2299156411106915
