%%MatrixMarket matrix coordinate real general
62 1 36
1 1 1.4326009459400533
2 1 .49680237323947773
3 1 -.02752318765273612
4 1 .08787953254736712
5 1 .025863069639005594
6 1 -.07404883863449006
7 1 .0012089899697648222
8 1 -.060795447265640436
10 1 .022532856129419094
11 1 -1.8803397964212534e-05
12 1 -.04244985270447303
13 1 .05784637790658975
14 1 -.23757456851590275
16 1 -.00023307133312933727
17 1 .7647538839545914
19 1 -.10378618131328145
20 1 .03493387819531202
21 1 -.02676485529989602
23 1 -.05073506953140515
27 1 -.21835810536702754
30 1 .00023712323063936153
31 1 -1.65806798456385
32 1 -.07472218296699822
33 1 -6.599873136298076
34 1 .22553114994368212
35 1 .012428244722829657
36 1 5.947484666687954
39 1 .015764018047860744
40 1 -.0009192271018775639
41 1 .001981629629484922
42 1 -.017572665663852106
43 1 3.8888218831159693
50 1 .05154931720333343
54 1 .43231176363007623
55 1 .013947858914724647
61 1 4.0526505430922
