%%MatrixMarket matrix coordinate real general
62 1 39
1 1 -.4730031520162692
2 1 .25829750112725514
3 1 .013860587520008403
4 1 .05116151108469529
5 1 .025434794375813863
6 1 -.056703011541749705
8 1 -.09561756451538149
9 1 -.016740019765528392
10 1 -.11013916138878767
11 1 -.005141938522212755
12 1 .11723149352240092
13 1 .06351693343078685
14 1 -.23166881081779206
17 1 4.117032753824803
19 1 -.18655681995434617
20 1 .02686158423060362
21 1 -.07268684566339069
23 1 -.10214386321247566
25 1 -.021189046719765986
27 1 -.39138364736951936
28 1 -.02858709704379367
29 1 .00011222291576529324
31 1 -.006123812399484761
32 1 -.7098079394718255
33 1 -5.418547134678739
34 1 .3969123701618426
35 1 .006397375620311581
38 1 -1.2895303616666138
39 1 .016309928206689184
40 1 -.011832560235005616
42 1 -.010952785321125556
43 1 4.32463050940128
46 1 .025975036284970943
49 1 -.05051529729977424
50 1 .08102497227150539
54 1 .8729030792901954
55 1 .1368698274406956
60 1 -.013746211325260917
61 1 1.3181375455392836
