%%MatrixMarket matrix coordinate real general
68 1 25
1 1 3.201634179771471
2 1 .34261287709554683
3 1 -.02467438633049128
4 1 .1487834550333363
6 1 -.0037046904057606227
7 1 -.00025648502478446293
8 1 -.03703671427493253
10 1 .09654160919925486
11 1 .008365397226781946
12 1 .1256878428069699
13 1 .03731455133910318
14 1 -.17052452065178547
23 1 -.0011484777927209802
29 1 -.006414056964697358
31 1 .03374765738393155
32 1 -3.6062459527408963
33 1 -.0012873781217163853
34 1 -3.956844398950551
35 1 -.09297798308270744
36 1 -.1754105106732001
37 1 -3.0755130227035887
49 1 3.9180559473140217
51 1 1.3362246526144956
54 1 -1.384847404412057
58 1 .94115144091485
