%%MatrixMarket matrix coordinate real general
68 1 20
1 1 2.97424714868053
2 1 .4327883232380766
3 1 -.0015773537401874678
4 1 .0896683153097482
5 1 .021045800035091686
6 1 -.007080163946991692
8 1 -.05303248947996619
10 1 .1752938540876041
12 1 -.022036369653517546
13 1 .017807614928642853
14 1 -.06898345933435117
31 1 -3.1672511076809338
32 1 .00899600370593435
33 1 -.03911358245441388
34 1 -2.8532560295922793
35 1 -3.1432361126447304
36 1 -.06136127084681126
37 1 -1.1964591958901813
42 1 .08075923111570019
68 1 .0005688905264708965
