%%MatrixMarket matrix coordinate real general
62 1 20
1 1 2.7331004950365827
2 1 .42735580165262566
3 1 .008674300110253786
4 1 -.04550886337774545
8 1 -.1746366295576297
9 1 .06124793337260376
10 1 .030702315017657134
11 1 .09400327508733875
12 1 -.0845364208177307
13 1 .09866350166570041
14 1 -.019795708089414055
17 1 .32746176201277466
19 1 -.10173663660815928
23 1 -1.0285939481152502
25 1 -.2911906261517138
29 1 -.00789764165405921
31 1 -.8455782747579104
32 1 -7.075404144060994
34 1 .27883033748731784
40 1 .07124217331440619
