%%MatrixMarket matrix coordinate real general
62 1 24
1 1 1.7189166085745669
2 1 .5882606135412097
3 1 .004154495532365987
4 1 -.04314376949269781
5 1 -.00010494200171371498
8 1 -.16906195522100223
9 1 .020547213592101075
10 1 .07587786598085619
11 1 .0598887863374723
12 1 -.09411833726565201
13 1 .07104445069617946
14 1 -.01866561960245302
17 1 .26823515518114005
19 1 -.0030773516483625593
23 1 -.7066854447908713
25 1 -.1711528457640002
27 1 -.14258346801398664
28 1 -.26738965761325173
29 1 -.01666889026449684
31 1 -.5403062164113155
32 1 -4.009978882713265
33 1 -2.5828269068656566
34 1 .04195473635922129
40 1 .014577957467732454
