%%MatrixMarket matrix coordinate real general
62 1 31
1 1 4.126744578064847
2 1 .35117789473430294
3 1 .033614795360350225
4 1 -.030522927116432792
5 1 -.0003534826917703223
6 1 -.03365549729466182
7 1 -.005297843510062091
8 1 -.09948732394388729
9 1 .09997135560078975
10 1 -.006589649731548302
11 1 .07302403076559644
12 1 -.05295670330097794
13 1 .13814940577632653
14 1 -.09636304350538152
16 1 .10541926850202954
17 1 .20154203968524886
20 1 -1.46425334857245
23 1 -.24326443863946823
25 1 -.1859245690946939
29 1 -.08715027115699792
30 1 -.10426705999655385
31 1 -1.5935765302741058
32 1 -6.091092583200405
33 1 -1.3903772890881585
35 1 2.798063590115944
40 1 .18851024077994025
45 1 1.7587167677822062
49 1 1.2520552001141014
51 1 .26365199818255614
52 1 .28105814898841514
59 1 .09768548658651706
