%%MatrixMarket matrix coordinate real general
62 1 32
1 1 2.9846051629614037
2 1 .30592033579410455
3 1 -.03936254328816657
4 1 .05293519774578952
5 1 -.06130912718629305
6 1 -.01874680915210857
7 1 -.13779011391495616
8 1 -.05391236208953103
9 1 .027375698957137755
10 1 .11656228855157852
11 1 .04812554443714686
12 1 -.05298182685232259
13 1 .0025097376072623525
14 1 -.002024399320416504
17 1 2.658114728711483
20 1 -2.351935649672714
23 1 -.49624599084896587
25 1 -.08878428739619983
27 1 -.3744854791515907
28 1 -.6698698282060843
29 1 -.01959779996744151
31 1 -1.2129501126623723
32 1 -2.1844123889012876
33 1 -2.6106850474910264
35 1 2.973478367661399
40 1 .08975089864597038
45 1 1.2910735212429072
49 1 .9733387951872835
52 1 .16324671149246917
56 1 -.052530290810762686
59 1 1.1275160911135604
60 1 -.33973246086773135
