%%MatrixMarket matrix coordinate real general
62 1 31
1 1 .0979590365053511
2 1 .7341875323313951
3 1 .029466696823751828
4 1 -.0712719127567446
5 1 -.01328575408979818
6 1 -.05112993339091279
7 1 -.034746637178285716
8 1 -.12754197114639837
9 1 .0011199399631128036
10 1 .004536489538670821
11 1 .021846385080066432
12 1 -.02078514792251983
13 1 .10316108621152432
14 1 -.03426090189699244
16 1 .0031462730893980968
17 1 .763478250839568
20 1 -.040069683862088465
23 1 -.09020495501819867
25 1 -.031128960032847583
27 1 -.015430104350123614
29 1 -.02465741777094734
30 1 -.0030744526536929137
31 1 -1.3055941333046641
32 1 -5.4494277470694055
33 1 -.0074148816767635305
40 1 .03166971139499522
45 1 .11325813249415463
49 1 .11161667688583543
51 1 .03824036708950747
52 1 .03791822196202979
58 1 -.1743188750215882
