%%MatrixMarket matrix coordinate real general
62 1 21
1 1 -1.607613183241419
2 1 .49488462621826207
3 1 .004685246110904989
4 1 .17171017598964053
5 1 -.0003703915931430868
6 1 .010891509313869587
7 1 -.004350757854415898
8 1 -.010454743292644854
9 1 .004231032018984286
10 1 .1145403545160241
11 1 .0005461131979483857
12 1 -.05356838075467679
13 1 .039927613099460475
14 1 -.01876702383262944
16 1 .04655140879873046
17 1 .16173620010200565
29 1 -.004741535732929939
30 1 -.04615240228990083
31 1 -.6240853246001317
32 1 -.5410777830241488
33 1 -4.2366760139545585
