%%MatrixMarket matrix coordinate real general
62 1 28
1 1 .4705479314497669
2 1 .4558176807755041
3 1 .02158357337853065
4 1 -.02788679524833247
6 1 -.009705691991364071
7 1 .000726123718151979
8 1 -.0933601696174122
9 1 .0896818596906061
10 1 .10371644822916298
11 1 .08808431612888856
12 1 -.06264017936382219
13 1 .07094522231095758
14 1 -.06973076812498802
16 1 .000696833951234733
17 1 .02164932532851845
20 1 -.020884643408568878
23 1 -.38262047404513844
25 1 -.21376976006730372
29 1 -.034518804458452075
30 1 -.0006404445557712793
32 1 -2.0682389257618694
33 1 -4.5598176828386805
35 1 .08403728638929038
40 1 .04980096340182304
45 1 .05997920415613655
49 1 .05420239847268958
51 1 .014361656505925292
52 1 .014007719548367227
