%%MatrixMarket matrix coordinate real general
62 1 25
1 1 2.608082629046071
2 1 .14840044631400343
4 1 .012803378544046708
6 1 -2.6674809025580434e-05
7 1 .007249162761912123
8 1 -.036264498763561616
9 1 .1061883006160615
10 1 .04271760200332594
11 1 .11412068903300548
12 1 -.07712707691248422
13 1 .10215519198346174
14 1 -.04805197327823135
16 1 .010948844948197381
19 1 -.08734853231757636
23 1 -.5130043346150988
25 1 -.2588072448410986
29 1 -.04252585824046298
30 1 -.010913506653083377
31 1 -1.510328801803653
32 1 -3.7951179366840946
33 1 -3.077144130511223
34 1 .26171942135821086
40 1 .08290711480220221
57 1 -.0038408866379319086
59 1 .31372721867259273
