%%MatrixMarket matrix coordinate real general
59 1 31
1 1 2.124253734427313
2 1 .4207293435557234
3 1 .02383307480783643
4 1 .10482274434895421
5 1 .01990158148752686
6 1 -.11386380036883266
7 1 .04786898705295636
8 1 -.1563628280169499
9 1 -.0552985117383357
10 1 .02912845185447573
11 1 .004566985900773115
12 1 .023685219832199126
13 1 -.040635133402095694
14 1 -.12673005330548354
17 1 .19929856312598412
19 1 -.03592595632946186
20 1 .000161251091720049
21 1 -.11873752238321318
22 1 .01874235502475532
25 1 -.1962977606393485
27 1 -.03269116217661989
31 1 -2.6273436478483747
32 1 -.41308154715379625
33 1 -1.5611210740740538
34 1 -4.145827709316879
36 1 .2481574571671626
44 1 2.737889895321528
47 1 -.06405276541666861
52 1 .11418892279751071
57 1 -.00024998997682913255
58 1 2.4153547927759416
