%%MatrixMarket matrix coordinate real general
59 1 38
1 1 2.4066142314877954
2 1 .3348055959034986
3 1 .019090630071425172
4 1 -.031295956219463246
5 1 .04991004993084969
6 1 -.019978596268060665
7 1 .06233302805347766
8 1 -.039029463215567266
9 1 -.06076177310446233
10 1 .009263258158723293
11 1 .029682557541411265
12 1 -.05275627481024932
13 1 .02500268497918329
14 1 -.037069642417861856
16 1 .04348872626878185
17 1 1.2415649749155726
19 1 -.07085971442796027
20 1 -.04012442382206655
21 1 -.34808528513146203
22 1 -.005849114748278122
25 1 -.13786521684813724
27 1 -.04270097789964964
28 1 .0013162909087857005
30 1 -.04332734640563171
31 1 -1.725752976923565
32 1 -1.861402208212201
33 1 -2.464055041007722
34 1 -3.2031746977358693
35 1 -.00499758653477806
36 1 .579400136653806
41 1 -.00016375595999101108
43 1 -.006732674202412829
44 1 7.197950629273915
47 1 -.09320077509237147
48 1 -.5515344038508581
52 1 .0664505312851924
54 1 1.2531672270118797
58 1 2.8588040287973535
