%%MatrixMarket matrix coordinate real general
59 1 33
1 1 2.796206273105394
2 1 .4358214797022787
3 1 -.06615340836507223
4 1 .06426301781116461
5 1 -.1173109018155815
6 1 -.07244778172271449
7 1 -.005555429224564642
8 1 -.11468234145472059
9 1 .0216052344439168
10 1 -.005540688355165978
11 1 -.013845953625658363
12 1 -.06042628443563392
13 1 -.003801172613006634
14 1 -.1706542201146169
17 1 .25601860726614317
19 1 -.30972491688055415
22 1 .06032456537476359
23 1 .15846439324142333
27 1 -.006272646785728981
28 1 -.053229719301138484
29 1 -.060434527831550774
31 1 -1.5460605740672437
32 1 -4.20031922088086
33 1 -4.433147512580325
34 1 .3485590047246653
36 1 -.019066002446192082
37 1 .13646222241928066
39 1 -.18963515393822655
40 1 .018115378336803968
46 1 -.172725544612701
49 1 .9348238950238478
56 1 -.008194274710062711
58 1 2.0084762674968686
