%%MatrixMarket matrix coordinate real general
59 1 26
1 1 1.151515404883682
2 1 .675675780322269
3 1 -.011062572464525463
4 1 .16346722952687195
5 1 -.05245411574366019
6 1 -.10593755455268461
7 1 -.02437426148429145
8 1 -.17597260596758052
9 1 .0001529537331289742
12 1 .048867307055231894
13 1 -.009246564405115662
14 1 -.15845517644289092
17 1 .02856142328008505
19 1 -.05554468496269326
22 1 .06957532074068232
23 1 .19654869386111617
27 1 -.0013617494248904488
29 1 -.006770869612870221
31 1 -1.8806509253635404
32 1 -2.736954152771447
33 1 -3.670561263913005
34 1 .06071753599941199
36 1 -.03841387508069049
39 1 -.09873888702233942
51 1 -.005977393211946776
58 1 .5463652829031341
