%%MatrixMarket matrix coordinate real general
59 1 29
1 1 1.1100658473229315
2 1 .5346987477620344
3 1 -.057894795275538355
4 1 -.0035333542942150237
5 1 -.036099183465384994
6 1 -.05155346529769992
8 1 -.11686097064979716
12 1 .008842255599087015
13 1 .030452797973869253
14 1 -.18911737634131803
16 1 -.017852494812076805
17 1 1.54596311610453
19 1 -.1944572965146078
21 1 -.1363173969059939
22 1 .07609576229234635
23 1 .2310521369958839
27 1 -.06651947222915565
29 1 -.11121221152399176
30 1 .017765580048395246
31 1 -.941714855657576
32 1 -3.2206547424680263
33 1 -3.9210871676810646
34 1 .19447228612644052
36 1 -.09630003069463117
37 1 .4853656289584707
38 1 -.006737374994750224
39 1 -.15886138163550942
51 1 -.17676731298688125
58 1 1.732510243227307
