%%MatrixMarket matrix coordinate real general
59 1 20
1 1 1.2702166321829012
2 1 .49904799546930656
3 1 -.000280605159946856
4 1 -.004728626632212199
6 1 -.012216599891073966
8 1 -.030897806454966772
10 1 -.001655357135053967
11 1 -4.256531639843545e-06
12 1 .0027122785230567926
14 1 -.14781026971942152
17 1 .04386547997395814
19 1 -.009980992784191418
21 1 -.010958379416983216
22 1 .002366269411767654
27 1 -.010791553663721132
31 1 -.8344942575114274
32 1 -4.746635186225497
33 1 -3.3287290450146045
39 1 -.0007586549917228296
58 1 .5359668583458834
