%%MatrixMarket matrix coordinate real general
59 1 32
1 1 2.76463977329008
2 1 .4171135813030896
4 1 -.014327069461932736
5 1 -.007639499706191462
6 1 -.11786369453978882
7 1 .01388122119492739
8 1 -.1353097793760443
9 1 -.006851983610573476
10 1 -.006667816221078627
11 1 .0012605394982453002
12 1 -.20241930445744918
13 1 .053151625350747175
14 1 -.06445113608997762
17 1 .9801887442335839
19 1 -.04183989318002378
21 1 -.11155866186006415
22 1 .07459143088730928
23 1 .049650960224640564
27 1 -.014713130609518038
28 1 .03218792361417353
31 1 -.2825306375904626
32 1 -6.205057569459568
33 1 -3.4351652540857125
34 1 .017979266291886262
38 1 -.03586272135733354
39 1 -.09241925040615442
49 1 3.8319500146468455
51 1 -.00020267291423827364
52 1 -.3905987969151517
54 1 -.5911285326682682
56 1 -.4944322688038168
58 1 .005276862171878703
