%%MatrixMarket matrix coordinate real general
59 1 33
1 1 3.3905949292904927
2 1 .48476786837901853
3 1 -.0729756305060042
4 1 .033825944886587446
5 1 -.07461690161616838
6 1 -.14545307183322756
7 1 -.017865016658570383
8 1 -.17868651318514733
11 1 6.689192097255108e-05
12 1 -.06330860145501413
14 1 -.16138381372703045
16 1 .005928989236109982
17 1 .46258373099704336
19 1 -.11480578651001207
22 1 .10960179900530911
23 1 .13675797767087225
27 1 -.058452436613016114
28 1 -.0932377587296511
29 1 -.027602508875942126
30 1 -.005933231307442198
31 1 -.8407612642717646
32 1 -6.005213034143234
33 1 -3.664002261486434
34 1 .07718540732311036
36 1 -.0002691890970429863
38 1 -.011075510489208231
39 1 -.15425209312982144
49 1 .28785107708504065
52 1 -.19674550955137268
53 1 -.017802994983484487
54 1 -2.7156572901902183
56 1 -2.4954243328177657
58 1 1.9341694570401997
