%%MatrixMarket matrix coordinate real general
64 1 27
1 1 -1.6833963753963737
2 1 .6491846868180052
3 1 -.0019469147283039693
4 1 .2342398663824441
5 1 -.0012080133133539226
6 1 .010339093232227084
7 1 .00017621904256717315
8 1 -.005306380023295696
9 1 -.0006144967550043242
10 1 .11243567458398547
11 1 -3.743881232923284e-05
12 1 .002942962518008591
13 1 .027186014034060284
14 1 -.04238936804576942
17 1 2.045298192273177
19 1 -5.2249576366714224e-05
21 1 -.0009161878951315526
31 1 -.8979083575918965
32 1 -1.896934881572504
33 1 .017999747035232893
34 1 -3.39221050064138
35 1 .12245079362843218
38 1 .00746186816908121
44 1 .9855497548089572
45 1 -.011394294515005223
58 1 -.30636137924944423
59 1 -.9092929865004278
