%%MatrixMarket matrix coordinate real general
64 1 34
1 1 -2.7923165138213744
2 1 .6240944136634601
4 1 .04730993933302663
5 1 -.003625183667399131
6 1 .010587500606122038
7 1 -.023088415100019327
8 1 -.023668440411589543
9 1 -.06676178844745466
10 1 -.055201028784291346
11 1 -.008659794131150828
12 1 .26016946714408584
14 1 -.18444439479224134
16 1 .007766713489735038
17 1 4.6377330331327276
21 1 .005394634468270271
23 1 -.13270600520057818
26 1 -.24553151852079128
29 1 -.016629376377105272
30 1 -.007741129895908104
31 1 -1.7172154022741726
32 1 -.24115207996555257
33 1 -2.04777952633229
34 1 -.3475938607559216
35 1 .05364290256038837
36 1 -.07686286881508311
38 1 .29383480349837404
40 1 .0011491486442273052
42 1 .05304455844625062
43 1 .0017951331390792032
53 1 .012632176720955795
56 1 2.882187238326777
61 1 -1.6009584720553884
62 1 -1.1191472592080525
63 1 .6758002540051723
