%%MatrixMarket matrix coordinate real general
64 1 41
1 1 2.0395042249526325
2 1 .47211705274419796
3 1 -.008904357716930267
4 1 -.015010856236068043
5 1 .003125777133272139
6 1 -.0007294955263838463
7 1 -.00413217353073127
8 1 -.060597789719104185
10 1 -.00018232096635386013
11 1 -.011366958346619714
12 1 .046180755311920854
13 1 .0037401538793218965
14 1 -.038272152574767654
16 1 .04472436068744194
17 1 1.2722965897012113
19 1 -.07637400690891318
23 1 -.041518643936616216
26 1 -.3123922443229428
28 1 -.0008989594209511872
29 1 -.05531572502058905
30 1 -.04458417909726421
31 1 -.504511339918903
32 1 -.640111478644697
33 1 -5.402260283947299
34 1 -2.628167353895908
35 1 .16767039132132056
36 1 -.03498877290489391
38 1 .12641217531216753
39 1 .25874014729032424
40 1 -.025519104126899842
42 1 .17844992376871335
43 1 .0181828605926472
45 1 .013931715636423961
51 1 -.028314222597282043
53 1 -.008173160871196699
58 1 -.02216571743224767
59 1 -.02259591620695567
61 1 -3.3447093508507
62 1 -2.161261633204798
63 1 1.1858748491063529
64 1 .0014347635315978646
