%%MatrixMarket matrix coordinate real general
64 1 30
1 1 1.416608016020323
2 1 .47773234744083987
3 1 .016411463776559655
4 1 -.04621113528144093
5 1 .024562688933340075
6 1 -.05394890810463299
7 1 .005721270135421578
8 1 -.01026942924576789
10 1 -.033590516280005984
11 1 -.011711936507893992
12 1 .21583865788214848
13 1 -.00022324388075512303
14 1 -.22243929993998293
16 1 .001958738211403388
17 1 .6147682810482128
19 1 -.051026343853498385
23 1 -.08372777287922716
26 1 -.10161604893355285
29 1 -.01145088339391022
30 1 -.0019449945648783665
31 1 -5.789939686651161
32 1 -.09910864859846566
33 1 -2.8795021784635786
34 1 -.16831803432650552
35 1 .007584932650415884
36 1 -.0005730260983394233
38 1 .17898940383454615
42 1 .1389235632812903
43 1 .01317524729265274
63 1 3.2055560684267035
