%%MatrixMarket matrix coordinate real general
64 1 20
1 1 .660021720074301
2 1 .5039305020057033
4 1 .11964356946251478
5 1 .004471964135557206
6 1 -.0056297259540291165
7 1 .011951087204347212
8 1 -.014444485393870988
9 1 -.0015107738299590164
10 1 .07990828935724108
12 1 .277710563988002
14 1 -.21575837534917233
17 1 .005682247728501143
19 1 -6.483849560907587e-05
21 1 -.020450482174138657
31 1 -6.087188456431733
32 1 -.27812045492419296
34 1 -1.9990504546912082
35 1 .02170541018034501
38 1 .010074963459749689
51 1 .002456547403926625
