%%MatrixMarket matrix coordinate real general
64 1 35
1 1 -.6810306019432071
2 1 .5090214378384301
3 1 .007290986588315371
4 1 .12167772962731623
5 1 .00996603259241257
6 1 .000795381962849686
7 1 .043045196673529865
8 1 -.025849279912657227
9 1 -.014698987111751577
10 1 .03440214880610153
12 1 .20472086729375605
13 1 .01803336465581336
14 1 -.2566752311296081
17 1 1.7852944053577537
19 1 -.072522348421526
21 1 -.03493007340183062
23 1 -.04647148610978429
29 1 -.0235599577163571
31 1 -.5364406832399659
32 1 -2.554741828458772
33 1 .012462773567732373
34 1 -4.079911645443218
35 1 .20020365253024136
38 1 .12763974279364249
42 1 .04878241693321025
43 1 .10285477915286237
44 1 .8635743501926827
45 1 .004964022213110394
51 1 .06540485494453889
52 1 -.2632334967004752
56 1 .13644360109889533
58 1 -.5883489766522549
61 1 -1.0527509714649967
62 1 -.5707706583093983
63 1 3.943117074875686
