%%MatrixMarket matrix coordinate real general
78 1 29
1 1 3.0509400625712253
2 1 .5576704474205233
4 1 -.14119719080597545
5 1 -.06207048442624082
6 1 -.07076508605498327
7 1 -.03994722833520975
8 1 -.1221417550284554
9 1 -.0056890729927396785
10 1 .026776040915264983
11 1 3.800630267480746e-05
12 1 -.05555936078208017
13 1 .026415243178591674
14 1 -.12997461626741091
16 1 .2193033128054646
17 1 .0037727212241564366
23 1 -.0014248493148381826
28 1 .2172607262446189
29 1 -.02099301054828217
30 1 -.0029492491137050737
33 1 -.1904727392093163
34 1 -7.616231509780487
36 1 -1.750044730866149
39 1 -.03540224823974012
41 1 -.05302946394156419
50 1 .01462765301055521
52 1 .09338232879480382
68 1 -.27030057377659333
71 1 .7786865577268384
76 1 -.08496202581688696
