%%MatrixMarket matrix coordinate real general
78 1 25
1 1 2.259086052865758
2 1 .4230385469955252
3 1 -.01141632975957165
4 1 -.02634888806943378
5 1 -.0691835612927878
6 1 -.06446642452883653
7 1 -.07590300946199081
8 1 -.054667008516311386
9 1 -.0192562371058233
10 1 .006299702819961675
11 1 -.00044429487397283044
12 1 .016967041259008057
14 1 -.1710936832317234
16 1 .03470749108080216
23 1 -.00017279703021064242
28 1 .03444896857137393
33 1 -.40179595493228254
34 1 -6.517228363424968
36 1 -2.0271400836531948
68 1 -.012274093953346242
69 1 .36982642809319627
71 1 .25925515044169845
73 1 .04691914293040816
76 1 -.0005637163759102637
77 1 -.006092273637238834
