%%MatrixMarket matrix coordinate real general
78 1 19
1 1 2.247810011440749
2 1 .412696827601099
3 1 -.009772493127638084
4 1 .1763353770036957
5 1 -.07348228999194092
6 1 -.020017644301089835
7 1 -.06388533540985354
8 1 -.08196225715870271
9 1 -.014635608735146986
10 1 .09825270287548399
11 1 -.002063735153178291
12 1 .00555574439536011
14 1 -.06362413270746219
31 1 -2.251303579191874
34 1 -5.081010887302968
36 1 -2.1701118585585126
62 1 .1510147159785494
68 1 -2.1720261289356514e-05
78 1 .062114432339766365
