%%MatrixMarket matrix coordinate real general
78 1 40
1 1 3.9837243316304214
2 1 .1562819242321061
3 1 -.018323056157392607
4 1 -.01434467997825011
5 1 -.058331633861863304
6 1 -.0027567445546702583
7 1 -.11556591862083236
8 1 -.050548941693249486
9 1 -.023366029605559148
10 1 -.0021870269440781567
11 1 .0006724057266977073
12 1 -.13922094924142495
13 1 .07240987067882507
14 1 -.13364054453556518
16 1 .22549665941799196
17 1 .9401707319653282
19 1 -.04978733046924171
21 1 -.6755026496840622
23 1 -.14199527282921184
25 1 .0021356991404010957
28 1 .22390524875500117
29 1 -.005121701305451126
30 1 -.13613203962410686
31 1 -.11517617139662913
32 1 .651631017091274
33 1 -1.537785077899936
34 1 -5.736292522281619
36 1 -2.5387309937347586
37 1 -.43201830184719486
39 1 -.13183557408176075
41 1 -.0030661733260716794
50 1 .8678745941497443
52 1 2.797673423572577
53 1 2.8516388241373734
55 1 -.5388698511079842
58 1 -.003575124250619077
60 1 1.5587291990700238
65 1 -.002713008162833501
68 1 -.30685971002680756
76 1 -.2482341386644748
