%%MatrixMarket matrix coordinate real general
78 1 28
1 1 3.5611312907103345
2 1 .4969129971842925
3 1 -.009930799203343976
4 1 .09170190883364278
5 1 -.01067223261843369
6 1 -.05430327567967765
7 1 -.00570979017570885
8 1 -.11214129370476526
9 1 -.00092466612981176
10 1 .024878293686817814
11 1 .0028726495121519837
12 1 .043540195709565244
13 1 .0027232513294688653
14 1 -.19723095063885052
16 1 .00010033617322778014
20 1 -.3366534681864448
23 1 -.002640861283334205
27 1 -.07248159857903187
28 1 8.174600968010015e-05
31 1 -2.016587919257576
34 1 -4.132835195446068
36 1 -3.6556892601290283
39 1 -.0006284116457032434
41 1 .0008227407481884936
62 1 .5581303959689697
68 1 -.05651401882400605
76 1 -.016225944187879315
78 1 .2948299640479255
