%%MatrixMarket matrix coordinate real general
78 1 29
1 1 1.5857275627299092
2 1 .3536692138305445
3 1 -.04717664975946696
4 1 .17937008953835923
5 1 -.03573433285593854
6 1 .019935217607059453
7 1 -.05239331619545774
8 1 -.05802549205597932
9 1 8.972548052010678e-05
10 1 -.032467063207337735
11 1 .0006998468937108934
12 1 .023970786763941137
14 1 -.09942715429476258
20 1 -.08495476618797287
21 1 -.012964903732814325
23 1 -.03166779019703842
27 1 -.06903784517925096
30 1 -.018081057519670866
31 1 -2.9880549141149184
32 1 .010946900346862572
34 1 -3.309137213755469
36 1 -2.479513394733748
39 1 -.008913960599567264
50 1 .007907075870730269
52 1 .019806041806114075
56 1 2.091783230203026
62 1 1.5737529654623397
77 1 -.2882589857619271
78 1 .5658598199502056
