%%MatrixMarket matrix coordinate real general
78 1 30
1 1 .6662840591667196
2 1 .7210514605434595
4 1 -.026166480980227492
6 1 .02148333934775459
8 1 -.09000537939737278
9 1 .010262079670180984
10 1 .03256796308499724
11 1 .03367658314947328
12 1 .048881774837384054
13 1 .033224073538085215
14 1 -.05919530734782677
16 1 .11766157615059492
23 1 -.012127265830008008
28 1 .11707813855339333
29 1 -.16235254700129026
30 1 -.06409131264960045
31 1 -2.809719479609136
34 1 -2.507433481438166
36 1 -2.471666896347019
39 1 -.06247413214464581
41 1 -.03692523589430268
50 1 .04782452956594967
52 1 .1246335694204787
56 1 4.189622037279831
62 1 1.368194008750105
64 1 -.3975415543573035
68 1 -.28768302063048307
74 1 -.5473880616273766
76 1 -.11132240011364933
78 1 .34503731513393254
