%%MatrixMarket matrix coordinate real general
78 1 21
1 1 .5872000621808562
2 1 .6579632491065578
4 1 -.05358231721423345
6 1 -.06661288525759938
7 1 -5.130239646172101e-06
8 1 -.08862456584611143
9 1 .00801472527416572
10 1 .024443917906339048
11 1 .0009310415414218763
12 1 .0039769930947104026
13 1 .020173736064295907
14 1 -.11605721621341189
16 1 .11825907439320048
28 1 .11717173880090978
34 1 -5.213618247540993
36 1 -2.05022400281096
41 1 -.013819879716590398
62 1 .19962922120116922
68 1 -.13817683905674794
71 1 1.3349938518485749
76 1 -.06566719943780665
