%%MatrixMarket matrix coordinate real general
78 1 30
1 1 4.15609049571425
2 1 .6797655278914728
3 1 -.02266144303307754
4 1 -.07290807639056406
5 1 -.025863281428656865
6 1 -.02757230106707762
7 1 -.006271076827625229
8 1 -.17520593121516115
10 1 -.026165001812470983
12 1 -.025117840176487417
14 1 -.10571278104962474
16 1 .014687985461016285
23 1 -.030070320996423813
27 1 -.38266641215115693
28 1 .014170189433806874
29 1 -.013892873360800362
30 1 -.07418119514431787
31 1 -2.9387621281824394
33 1 .053000217395898504
34 1 -4.986064829493052
36 1 -3.010217936609748
39 1 -.12078438190693803
56 1 3.4845028065663404
62 1 .16444382229313256
68 1 -.02033001508060461
69 1 2.094670221796893
71 1 .10731294104771283
73 1 1.3695977686675969
74 1 -.23459514804933973
78 1 1.2973689745224295
