%%MatrixMarket matrix coordinate real general
66 1 30
1 1 3.0828656213168752
2 1 .6596816425327559
3 1 .015132952254939967
4 1 -.028150656112148533
6 1 -.0018119593019000808
7 1 .0022940158326440418
8 1 -.03273477091614972
9 1 -.10010548864323889
10 1 -.11992100385794109
11 1 -.06870567374207981
12 1 -.10668587756485388
13 1 .00021090909954913674
14 1 .020150871205882312
16 1 -.005656095966433872
17 1 .08328905951329353
19 1 -.47748464000803686
22 1 -.29166873051833553
24 1 -.1403505027066393
28 1 -.01969948693337223
29 1 -.03648692180415014
30 1 .005619305518141769
31 1 -9.330477392136793
32 1 -.12338814774749544
35 1 2.8332243526114347
36 1 .22716902545650647
37 1 .2585050970913384
38 1 .7499997521585393
39 1 1.042355530609599
42 1 2.5120264764188915
48 1 .00466921806042902
