%%MatrixMarket matrix coordinate real general
66 1 19
1 1 1.068514683453662
2 1 .7810158907578698
4 1 .08706267383933983
5 1 -.025104094828119858
6 1 -.09566209019132514
7 1 -.04009923319152682
8 1 -.04552615124168534
9 1 -.012242218196270582
10 1 -.08796524444437417
11 1 -.10013489282128851
12 1 -.06275117613237868
13 1 -.005465537603466023
14 1 .0006525373155397917
16 1 -.0038257642459203363
28 1 -.005331009753641805
30 1 .0038022860892133067
31 1 -5.849452727592519
32 1 -2.1003960534626587
60 1 .6925255975537805
