%%MatrixMarket matrix coordinate real general
66 1 24
1 1 1.0286139645218793
2 1 .880400578566097
4 1 .02829536772642007
5 1 2.7713074537595135e-05
6 1 .003188225888330783
7 1 .0014412849315865667
8 1 -.02192981965305745
10 1 -.05611914018476532
11 1 -.07127925476365338
12 1 -.004876573983779079
13 1 -.014829607182024158
14 1 -.05108231956252824
16 1 -.0029441991828539293
25 1 -.08841390062233119
28 1 -2.549019550499455e-05
30 1 .0029368004278757538
31 1 -4.99216697031704
32 1 -3.40335331585992
43 1 .33043822282632074
51 1 .3201848259270012
57 1 .08143000305123725
59 1 .21749020523117438
60 1 1.4371968382108848
66 1 .9268524332218016
