%%MatrixMarket matrix coordinate real general
66 1 27
1 1 1.1174675991885703
2 1 .747629091698741
3 1 -.004100547468973198
4 1 -.0023114146191333743
5 1 -.035322231318604985
6 1 -.004038401601132025
7 1 -.05491349086193005
8 1 -.14253717238739996
9 1 -.007861070225991642
10 1 -.1681927434848095
11 1 -.06490987189367595
12 1 -.0732381460092978
13 1 .0013731629535706149
14 1 .14506633890785067
16 1 -.0017294976349964582
17 1 .7082436472544932
25 1 -.39170668299806694
28 1 -.014331373667448622
29 1 -.1170424370842737
30 1 .0017597531049453768
31 1 -7.74702174771795
32 1 .24068247124205672
43 1 1.1675323362761676
51 1 .9978595642573525
56 1 -.004268438404346462
57 1 .2545734942346337
59 1 .6885222366964333
