%%MatrixMarket matrix coordinate real general
66 1 28
1 1 -.37957375634253143
2 1 .8816817975351773
3 1 -.028139839569602233
4 1 .19964006950018345
5 1 -.0024485631620061767
6 1 -.08598778871373876
7 1 -.019307128347188875
8 1 -.15075001570018995
9 1 2.3984181324885207e-05
10 1 -.0022343948068839926
11 1 -.00329788724007339
12 1 -.020284662591427277
13 1 -.02699639290338361
14 1 -.023478441833423215
16 1 -.0007429567608376304
17 1 .5398359884824655
25 1 -.015036495621440903
28 1 -.03689385446047345
29 1 -.010066648389821775
30 1 .0007400021645946251
31 1 -3.159063690649338
32 1 -3.597573753164965
43 1 .15398298373311134
51 1 .14614836469441966
57 1 .011871362713434142
59 1 .06270702996907303
60 1 1.565402585823755
66 1 .32151962001565254
