%%MatrixMarket matrix coordinate real general
69 1 34
1 1 -1.0152950200915756
2 1 .6801690933856279
3 1 .13724543992792199
4 1 -.02973678263223188
5 1 .0007244111991405334
6 1 -.09347616410336992
7 1 -.000547044715166059
8 1 -.21679374301211227
9 1 -.0005793167952332608
10 1 .1686894390293788
12 1 -.06971740044571223
13 1 .058882397929673064
14 1 -.05636734614359032
17 1 1.5722154518386868
19 1 -.16222457063757906
23 1 -.07312566009791945
25 1 .2920045039105592
26 1 -.2979394908485193
27 1 -.023286638606122522
28 1 -.05890986926851921
29 1 -.004771962296841461
31 1 -1.7290519616002764
32 1 -2.6597404768163275
33 1 -1.1494060021478374
35 1 -.03227406100809527
37 1 .004141529906368844
38 1 -1.0777994383228469
51 1 -.22331813459870858
53 1 -.1443273634362957
60 1 .3984642359801098
61 1 .044251715635154676
65 1 -2.0871845679721623
66 1 1.1625508384078052
67 1 .04091355806071722
