%%MatrixMarket matrix coordinate real general
69 1 21
1 1 -1.8101912329904986
2 1 .556594440956911
3 1 .04573612275594629
4 1 .03466342683095105
5 1 .03107760844123147
6 1 -.006434336142571357
8 1 -.06890933796535788
9 1 .0014442774706177326
10 1 .12606685958306943
12 1 .009261467845973074
13 1 .0006052528650190731
17 1 .06511813665463041
19 1 -.05959754607027648
23 1 -.013713124881057729
25 1 .16129306499456963
26 1 -.13028932225025974
29 1 -.083463927309621
31 1 -.7929788614680201
32 1 -2.6141819540703843
33 1 -1.283826648565186
53 1 -.050339633030135736
