%%MatrixMarket matrix coordinate real general
69 1 30
1 1 -.47050990162643824
2 1 .6262807748029835
4 1 -.03450431008378323
5 1 .07256239339534185
6 1 -.0633205099419966
7 1 .01261647759044046
8 1 -.15575277565220172
10 1 .1456303272805401
11 1 .0352328457496521
12 1 -.0622885228826275
13 1 .1528270002482692
14 1 -.0007370318698605367
16 1 -.022079425966435938
17 1 1.1490811741779243
19 1 -.03282004635268934
23 1 -.2972771189077565
25 1 .4888991248599589
26 1 -.36740059834542965
27 1 -.2301148821064572
28 1 -.18059210530597247
29 1 -.14246506878411588
30 1 .021895036256100276
31 1 -1.543820445218288
32 1 -2.7281720071472435
33 1 -1.4271189364040262
35 1 -.06611820998425695
37 1 .02704628297808577
51 1 -.07228256149629656
53 1 -.19584613262739445
65 1 -1.7626749013928216
