%%MatrixMarket matrix coordinate real general
69 1 28
1 1 -1.1870341237588962
2 1 .5858703504820791
3 1 .06649123139966028
4 1 -.04371958161536948
5 1 .06274515967489733
6 1 -.05305444005147874
8 1 -.13074039340049004
9 1 .009383078377887188
10 1 .21126335211287384
12 1 -.07797059281215706
13 1 .07248368994634116
14 1 -.03773809204405598
16 1 -.03836507665050478
17 1 3.151365722298585
19 1 -.07779629513097751
23 1 -.15888124939477563
25 1 .3752230911299706
26 1 -.3231569612930265
27 1 -.06031687156708513
28 1 -.02610627418795634
29 1 -.5948050059487098
30 1 .038235229335694024
31 1 -.0068638169868822825
32 1 -2.833038682822756
33 1 -1.830596652592446
35 1 -.07555530900232396
53 1 -.21447053810562983
65 1 -3.7180400338554556
