%%MatrixMarket matrix coordinate real general
69 1 25
1 1 -4.662880471583986
2 1 .6095362978826323
3 1 .0004804448340825247
4 1 -.034207440898178176
6 1 -.022108442443547486
8 1 -.07346007723135449
9 1 -.007739794342249521
10 1 .259327361821856
11 1 .009753420783171417
12 1 -.023826162619013172
13 1 .014634469956433494
14 1 -.028328915718383516
16 1 -.0028573897389565553
17 1 5.95116097896724
23 1 -.23153904314389953
25 1 .18039588536709858
27 1 -.04119344850114764
28 1 -.028008984444109205
30 1 .0028051542779103994
32 1 -2.0560633084212157
33 1 -.32531752970708366
35 1 -.009306007625817434
53 1 -.06507271900255872
65 1 -3.957109838865825
67 1 .0048532923785946334
