%%MatrixMarket matrix coordinate real general
69 1 26
1 1 -2.6437846885419196
2 1 .5101275333501549
3 1 .06318279097089674
4 1 -.05631131677996263
5 1 -.008168329900298992
6 1 -.046011677458464746
7 1 -.03125335967002533
8 1 -.08276054707544059
9 1 -.0032628730862830505
10 1 .23224859773850043
11 1 -.019636578877715416
12 1 -.05169747279726803
13 1 -.034885944985820865
14 1 -.06908808592740313
17 1 4.613566000182969
23 1 -.05236707013938594
25 1 .018185988449156025
26 1 -.033837657999641446
27 1 .01144866004129556
28 1 .05078608325388885
29 1 -.004344455056813555
32 1 -3.2934391291454665
33 1 -.9815869038155365
53 1 -.0006157178603225109
65 1 -3.6552167311229935
67 1 .15804842364637037
