%%MatrixMarket matrix coordinate real general
69 1 24
1 1 -1.5761631842455808
2 1 .5090372465229197
3 1 .03797342302184465
4 1 -.00040966828217328715
5 1 .03540399330468476
8 1 -.08316245921049355
9 1 -.0353940406420035
10 1 .16483049442120687
12 1 -.061624015323221516
13 1 .0009782302331550158
14 1 -.01964229055488454
16 1 -.007645678290701453
17 1 1.1507880152485492
19 1 -.003382529871602342
23 1 -.15197885724017263
25 1 .13641411664866218
27 1 -.13427315458000552
30 1 .007503871245696448
31 1 -1.4875610337422565
32 1 -3.255364749914637
33 1 -.16401240251260416
53 1 -.06954127288735484
65 1 -1.2418730996271594
67 1 .06194207736367307
