%%MatrixMarket matrix coordinate real general
69 1 27
1 1 -1.0715802912183916
2 1 .6652124220925093
3 1 .016366024391655194
4 1 -.06070432278484409
6 1 -.027389993126994663
7 1 -.0004927368088163405
8 1 -.13899011518015925
9 1 .07026717977244687
10 1 .2149284400675571
11 1 .0009710470282876353
12 1 -.09918629471359167
13 1 .059119324236438356
14 1 -.05537165783534357
17 1 3.547502114103945
19 1 -.010968214362922793
23 1 -.09835524047219102
25 1 .31920798697253866
26 1 -.4340813546557004
27 1 .0008143613928511206
28 1 -.00017240045233699044
29 1 -.7577826939436351
31 1 -.07480384061247332
32 1 -2.8085758073183205
33 1 -2.3556558573407442
35 1 -.022979718654731775
53 1 -.1290278078264716
65 1 -4.071613111902413
