%%MatrixMarket matrix coordinate real general
51 1 31
1 1 -1.87755691504033
2 1 .5288329190589668
4 1 .04084771184036503
5 1 -.0022073391400833794
6 1 -.03302542927872789
7 1 -.0240482982267135
8 1 -.003784093268322104
9 1 .015984375837845077
10 1 .09826995765852827
11 1 .06237963245290208
12 1 .2669710626094019
13 1 .013369819784727911
14 1 -.14467078482857473
17 1 -4.127290535832793
19 1 -.07708763958543727
20 1 -.07268922808374587
22 1 -.00655123440788943
24 1 -.7024418009191128
25 1 .2534199522960692
27 1 -.0228042498956871
28 1 -.41170861265847986
29 1 .009226880952195656
31 1 2.356683665872398
32 1 .08122380637636062
39 1 -.0007841907264536471
40 1 2.1679023249385567
42 1 .04861350693788139
43 1 .10770769646951522
47 1 -.012860895529100566
50 1 -.14700160016584476
51 1 .2143218672545797
