%%MatrixMarket matrix coordinate real general
51 1 31
1 1 -1.3440242762679588
2 1 .5806236503985032
4 1 -.0027923218528716266
5 1 3.1143982234803994e-05
6 1 -.023648863336745103
7 1 -.024604935934980587
8 1 -.005299642859103728
9 1 .008036490786031995
10 1 .005868135541201614
11 1 .06605910791920884
12 1 .2713668705829544
13 1 -.00010354219102030962
14 1 -.18239835327131534
16 1 .001682772178771101
17 1 -5.696765015050537
19 1 -.047209439478744585
21 1 -.04363306909983415
23 1 -.06326389591069251
25 1 .9572965473300558
27 1 -.030206542128569346
30 1 -.001707802297186897
31 1 3.2460234278532547
32 1 .012054045214542106
33 1 .22013532870611677
36 1 2.7143058338059127
38 1 .21955621948170925
39 1 -.0002714180524884495
42 1 2.1555466881787604
45 1 1.3243299010695029
47 1 -.11247881051031842
50 1 -.006062400627204993
