%%MatrixMarket matrix coordinate real general
51 1 28
1 1 -.47299229548690835
2 1 .38937805193134717
4 1 .087674769657208
5 1 .00031582673066073705
6 1 -.005015879539222818
7 1 .010674630403722705
8 1 -.05512993633275039
9 1 .020950460905825783
10 1 -.10571316280699371
11 1 -.0008274546951145107
12 1 .20510828864884206
13 1 -.004378694655782798
14 1 -.12547742552609586
16 1 .036259684908116326
17 1 -6.4595710587470565
21 1 .002512938620983077
23 1 -.37203828845916875
25 1 .20964752505883558
27 1 -.02907526509198899
30 1 -.03618825919064285
31 1 3.605740959935209
33 1 .9093730537547385
36 1 5.084144458312695
38 1 .7289872986644209
39 1 -.010757007456085332
41 1 1.6362979182602622e-05
42 1 .9610917733432037
45 1 .5397487705864312
