%%MatrixMarket matrix coordinate real general
51 1 19
1 1 -1.7668519722614633
2 1 .500187985275488
3 1 .0007829479598173484
4 1 -.016652230726828393
6 1 -.011148001606200197
7 1 -.03157718330975937
8 1 -.005690856191454334
10 1 -.07930350054970206
11 1 .005519513358842012
12 1 .2833033259383717
14 1 -.1273022359531435
16 1 .015265325340950148
17 1 -5.809973841817931
19 1 -.06632583472297875
21 1 -.06373683058889842
30 1 -.015244606352744416
31 1 3.5302721337852567
32 1 .018827580459373734
51 1 3.818467444135155
