%%MatrixMarket matrix coordinate real general
51 1 19
1 1 -3.144852762860527
2 1 .5652773391167409
4 1 .12315601160777219
5 1 .0008034683745032182
6 1 -.028676616261467013
7 1 .0006741744969852659
8 1 -.023774844045575196
9 1 .012283277360380677
11 1 .015536130446226065
12 1 .2576871206658649
13 1 -.018325129143255132
14 1 -.1346605151392111
17 1 -4.001407332834815
19 1 -.020260876707591313
27 1 -.04062436569202405
31 1 2.1248081842758952
32 1 .0224119216236381
36 1 2.0231962566506025
42 1 2.946889596053441
