%%MatrixMarket matrix coordinate real general
66 1 39
1 1 1.7588250372787604
2 1 .5364524799594714
3 1 -.040247904300347144
4 1 .1136404937911084
5 1 -.05813682465731641
6 1 -.009541104735930698
7 1 -.013520925961201863
8 1 -.03160417302901123
9 1 -.0002902434693865439
10 1 .008465901228129923
11 1 -.006774498963641304
12 1 .16626156969055655
13 1 -.16624332951423598
14 1 -.3005997699508195
16 1 -.07601234758541188
17 1 .8632764955663485
19 1 -.028351761332613315
22 1 .002339883852633014
25 1 -.2141684901884903
27 1 -.3918888179894119
30 1 -.07571129703662757
31 1 -.6219816658503705
32 1 -.3213259287895032
33 1 -1.0359087107162679
34 1 -5.34882532644421
35 1 -1.2440812746717789
37 1 .00994975184885434
39 1 .0218806119358903
44 1 .04991678122245218
46 1 .20206374981261976
47 1 .13653718253797872
54 1 1.8218459663092248
55 1 .5037308895289432
56 1 .011103635695240007
58 1 -2.607661597636216
59 1 .004546790390681363
60 1 .10556681389577317
64 1 .0383704934932388
66 1 1.0954502828792418
