%%MatrixMarket matrix coordinate real general
66 1 25
1 1 1.531817278564553
2 1 .37246269881948413
4 1 .2212573582103618
7 1 .005470250964815582
8 1 -.014092045023938278
10 1 .046355968091762983
11 1 -.016210774554579616
12 1 .25550991831210396
13 1 -.028507903227485757
14 1 -.1591789642069396
16 1 -.07223226840012822
17 1 .0005692401158948629
22 1 .005932662051457819
25 1 -.12409674718022085
27 1 -.03561502023891026
30 1 -.07198900446151663
31 1 -5.760194712772938
32 1 -2.3874405969279002
33 1 -.4622732834456265
34 1 -.19470087359506505
47 1 .05376073567634181
53 1 .8679958689384189
56 1 .03042280455092214
60 1 .08960490585375498
66 1 3.0352089487540184
