%%MatrixMarket matrix coordinate real general
66 1 23
1 1 .0985452470850463
2 1 .550808544076108
4 1 .01627831584465336
5 1 -.0007568561979406703
6 1 -2.7046032260977986e-05
8 1 -.018717935631807115
10 1 .03189477137023936
11 1 -.0001952902728763933
12 1 .23101669592662719
13 1 -.034744987420236004
14 1 -.09922065079932102
16 1 -.012047469958343089
25 1 -.16190162622705234
27 1 -.018857682784629057
30 1 -.012005469512696045
31 1 -2.9229507640284234
32 1 -3.6223467121317223
34 1 -.3780810051148122
35 1 -.08571094040998883
46 1 .23508109541767447
47 1 .010312242618812997
55 1 .800710450612555
60 1 .02737670526714571
