%%MatrixMarket matrix coordinate real general
66 1 35
1 1 1.0923568991488777
2 1 .600745350985255
3 1 -.04628244756942549
4 1 .1397743416590804
6 1 -.013611297428239758
7 1 .0001177291302143426
8 1 -.06679099481936555
9 1 -.001472630687933309
10 1 .015712992353399867
11 1 -.03379288844833148
12 1 .2609529859951513
13 1 -.05595582659413649
14 1 -.21187317876175615
16 1 -.027336926915650775
17 1 .3677570795627861
19 1 -.024264950141231617
22 1 .03390082838557878
25 1 -.14055431428978932
27 1 -.32291014004903024
30 1 -.027278404283098204
31 1 -4.154206403783162
32 1 -1.6216616384177012
33 1 -1.2240238395792955
34 1 -1.1883524264074412
35 1 -.13028458441027674
37 1 .0008405985161140972
46 1 .08456482722716491
47 1 .10048500230006324
55 1 .22087928958892092
56 1 .027754040118841906
58 1 -.0024785192825358903
59 1 .01248311070773037
60 1 .046135126274264984
64 1 .025085302796260055
66 1 2.666743321164382
