%%MatrixMarket matrix coordinate real general
66 1 40
1 1 1.7377679784795639
2 1 .46021785502701923
3 1 -.03616589424822957
4 1 .059310651529717255
5 1 -.049630161627968836
6 1 -.04808992551317655
7 1 -.005878705189710028
8 1 -.049927191397032666
9 1 -.031151399223390157
10 1 -.0025347872037455423
11 1 -.10599652760218226
12 1 .02186656936473613
13 1 -.04082263769662489
14 1 -.15729303696605057
16 1 -.08190591002545354
17 1 1.1416539164196484
19 1 -.06544115643916698
25 1 -.13285360056527332
27 1 -.5768154960786276
30 1 -.08163025542232255
31 1 -.6833514788734634
32 1 -.5012431242513948
33 1 -1.39530856826216
34 1 -5.396633705924372
35 1 -.6252340546060847
37 1 .014344733308682297
39 1 .039378565140134776
44 1 .016615084998995885
45 1 1.4388462036120004
46 1 .453333643526634
47 1 .17763907035916496
53 1 1.6281892894018581
54 1 2.107098823629237
55 1 1.0748264667736442
56 1 .0669173099202408
58 1 -.15298635847293357
59 1 .025610707229137327
60 1 .1175848190916979
64 1 .05892923783647048
66 1 4.34338250031498
