%%MatrixMarket matrix coordinate real general
66 1 37
1 1 1.5665526689818474
2 1 .5249307998853404
4 1 -.044366761099166686
5 1 -.03929993661695847
6 1 -.061880883478497815
7 1 8.404316769993568e-05
8 1 -.07285663346628012
10 1 .010995429164945607
11 1 -.053463937726251964
12 1 .05813302433112098
13 1 -.04292128996803745
14 1 -.2341050890390803
16 1 -.06654527411790186
17 1 1.1057609668141866
19 1 -.023619447369786366
21 1 -.023557009259961285
22 1 .0013816336153742684
25 1 -.2628193626612451
27 1 -.06495970880011381
30 1 -.0662888463570443
31 1 -.3223239170526329
32 1 -.4946941269617525
33 1 -.3502453110448884
34 1 -6.018728782848594
35 1 -1.4412768039517565
37 1 .004494979051910765
39 1 .010342996801473499
44 1 .1471923487917911
46 1 1.0148543702564488
47 1 .1310621323664753
54 1 1.2815578727189496
55 1 2.9383325564107716
56 1 .0006788666847601943
58 1 -1.5669847075509538
59 1 -.013465987740123432
60 1 .09800305564056278
66 1 1.6978737780992854
