%%MatrixMarket matrix coordinate real general
66 1 31
1 1 .6178910596962668
2 1 .38220480008944974
4 1 -.019764005494301604
5 1 -.036839718137769414
6 1 -.029349352192868185
7 1 .001456382665997312
8 1 -.04124715609377405
9 1 -.03091540368015846
10 1 -.06374495216433558
11 1 -.1387079750549967
12 1 .19803213897072744
14 1 -.10353182358328458
16 1 -.024476397409714676
17 1 .8511101659414049
19 1 -.008189009701484623
25 1 -.3306694255245023
27 1 -.10211849077770706
30 1 -.024620319206542216
31 1 -3.5993283502560427
32 1 -3.5739208641538043
34 1 -.4860142977109297
35 1 -.039145634085529415
37 1 .0019249129558997096
39 1 .0019145590377751065
41 1 .13712816486691023
46 1 1.102285092976749
47 1 .07662671053512034
55 1 2.94946780400801
56 1 .046144983967837366
60 1 .03325753891222549
66 1 3.633641246438424
