%%MatrixMarket matrix coordinate real general
69 1 30
1 1 -3.741349553220285
2 1 .6990936924482606
3 1 .02282842409220416
4 1 .11316184464744536
6 1 -.0006891583299229844
7 1 .004943383254190611
8 1 -.0681777669628915
9 1 -.04705984005033445
10 1 -.02794843328769743
11 1 .055150233401643996
12 1 .17921679544569022
13 1 .009492673564425527
14 1 -.043358754205498125
17 1 2.3912255170492687
21 1 -.042824759695587154
22 1 .09298260686115546
23 1 -.08393060907923107
25 1 -.08231851989604369
27 1 -.03703321085936229
31 1 -3.6249935801892437
36 1 .000361488037368567
48 1 -.04146224525956914
50 1 -.0635829028852064
56 1 -.009858594713114776
57 1 .0015464591614775237
60 1 .020887719678803214
61 1 .3339869068864398
64 1 .13211922575015875
67 1 .017128216952307273
68 1 1.6289105901467031
