%%MatrixMarket matrix coordinate real general
69 1 36
1 1 -2.2205095511755495
2 1 .5467739730642541
4 1 .2363696362724745
5 1 .0386620181599988
6 1 .061094638556360104
7 1 .04861644918647541
8 1 -.050048448267313604
9 1 -.07709263829664872
10 1 -.05487048036042576
11 1 .012096801437349286
12 1 .1254137209985984
13 1 -.007508102767173818
14 1 -.12706842079898076
16 1 -.0006550130428904581
17 1 2.343814758365667
19 1 .013560119265133992
21 1 -.0886709295184551
22 1 .052348085862569636
23 1 -.15303034189062353
25 1 -.1456366130101933
26 1 .008315729595186745
28 1 .0042003885524256965
30 1 .0006224912617565218
31 1 -2.1514158295508072
32 1 -2.7442165866569286
33 1 -.36623677351118805
36 1 .03567875730291175
38 1 -.0009212527819641963
39 1 -.06002376346892628
48 1 -.08760788149443484
50 1 -.07461005287015736
56 1 -.04638786799761451
61 1 .5177550552526535
62 1 -.0014025964178954063
67 1 .1268855201336038
68 1 4.393499001229562
