%%MatrixMarket matrix coordinate real general
69 1 19
1 1 -.9714797058215314
2 1 .16984428457420056
3 1 -.01799108993174984
4 1 .07155824784155149
6 1 .018310686471293122
9 1 -.025976125448438463
10 1 -.10034343224213324
12 1 .13413612103704284
14 1 -.07341187758628669
17 1 .3793164469425269
22 1 -.008727277333659564
23 1 -.0006532933737811204
25 1 -.00015811216628195426
31 1 -1.2997419859402388
32 1 -4.5555840152195435
33 1 -.47081743546106447
36 1 .004416829951568884
61 1 .03964638410737098
67 1 .022618323811670407
