%%MatrixMarket matrix coordinate real general
80 1 31
1 1 -4.072514904462496
2 1 .47306885132398874
3 1 .00018487884567020915
4 1 .17712497489243711
5 1 -.046313134171493985
6 1 -.01618020291908798
7 1 -.04899972771905484
8 1 -.0004941070653755273
10 1 .053718049771155886
11 1 .0880253631369964
12 1 .271261428331621
13 1 .02846342956212546
14 1 -.17820062344307191
16 1 -.01259480308566117
17 1 4.152554046576169
25 1 -.13686998665899294
30 1 .0124186223629219
31 1 -.4708324596494666
32 1 -.21396347464616766
33 1 -1.5965394234238717
34 1 -.49607755859278085
35 1 -.6394041575630445
36 1 -.5111990217469021
37 1 -.0017481043315882851
41 1 .0490330610328387
53 1 1.3346559613240798
61 1 .20701399273265675
63 1 -.0006239892372674843
67 1 .18809501184175814
69 1 -.0031634207687596416
78 1 .2155026889475
