%%MatrixMarket matrix coordinate real general
80 1 36
1 1 -.1323646928049973
2 1 .4435755703781903
4 1 .11712122524414198
5 1 .014763322911367118
6 1 -.02038897883213063
7 1 .023530857685849293
8 1 -.017645007902495357
9 1 -.0012893875736384236
10 1 -.016034788092099655
11 1 .022594450022030373
12 1 .13119698711003702
14 1 -.16379971390485135
16 1 -.014189788624886818
17 1 1.768091679207022
19 1 -.010479892444210274
21 1 .016854378710593365
23 1 -.03187488183772748
25 1 -.07711104775327839
27 1 -.006277155215213907
30 1 .014130016647225766
31 1 -.08899411325780364
32 1 -.050939730424771734
33 1 -1.7323100547037007
34 1 -.35333115685749533
35 1 -2.4274933258211706
36 1 -.04823001603256231
37 1 -2.2583602862371865
41 1 .005204475257384715
42 1 -1.265926586726615
61 1 .16587104310682027
63 1 -.031080050942803472
67 1 .2143585937215407
70 1 -.37914894337073524
76 1 -.0009517837641718134
78 1 .1313819838442248
80 1 .15773273978348304
