%%MatrixMarket matrix coordinate real general
80 1 40
1 1 4.006281710651561
2 1 .23264950367290876
3 1 .006150091881055726
4 1 -.004545481507583163
5 1 -.0005982338413998387
6 1 -.04392930570545854
7 1 .004502344688099651
8 1 -.03303555609142278
9 1 -.0018185821321952621
10 1 .059136217563842325
11 1 .021508626000374696
12 1 .20957286322046179
13 1 .04357486647703279
14 1 -.25373781341262225
17 1 .07642726878041183
19 1 -.08206603258251581
21 1 -.028595241938529473
23 1 -.05529004375374987
25 1 -.1020596272149831
27 1 -.1695800657905817
31 1 -3.9827675621779366
32 1 -1.5371106958622254
33 1 -.28039963485763014
34 1 -.45439933780395336
35 1 -2.8099498783412664
36 1 -1.4751006461486196
37 1 -.41153626223492495
39 1 .01934711688528053
41 1 -.0009411071935918049
43 1 .14686416492325136
52 1 .08869424320079607
54 1 .33010238741809894
56 1 .07508657488850512
61 1 .29926530358727943
63 1 -.29077827054469446
67 1 .38464389415849753
69 1 -.045801332173889764
76 1 -.20561002727715696
78 1 .16132639160038453
80 1 .3506010504646996
