%%MatrixMarket matrix coordinate real general
80 1 22
1 1 -.15641819845765959
2 1 .3615215721250978
3 1 -.014595134070862232
4 1 .03137650592500882
6 1 -.009612779467540186
8 1 -.012445607625453695
9 1 -.0012430491114308084
10 1 .17254270728035184
14 1 -.01948706802498392
16 1 -.0050482197794168146
17 1 .9001514610715078
25 1 -.02217894971090865
30 1 .0049493569660893424
32 1 -4.7358705221268735
33 1 -.8044727773768451
34 1 -.2897198106060197
35 1 -1.055347053351512
36 1 -.0288089672385469
37 1 -.15411380290902071
61 1 .07349463757761278
67 1 .08184027493115031
78 1 .06886824976077278
