%%MatrixMarket matrix coordinate real general
80 1 22
1 1 -.08694291360710338
2 1 .2630594326695131
4 1 .05967148532739693
6 1 -.011792710522011918
10 1 .16095494955073186
11 1 .025634296433751987
12 1 .04242620779475604
13 1 .03394121950176083
14 1 -.025019571954354253
23 1 -.00010812312294618562
25 1 -.039376182769202385
27 1 -.04288100781105328
31 1 -.6615685383574244
32 1 -3.6819695948797597
33 1 -1.011824921905291
34 1 -.28693853119696866
35 1 -.21767318627221727
36 1 -.8448765473997126
41 1 .010209967766839939
61 1 .08572670636806143
67 1 .09212791938246649
78 1 .04006762827197374
