%%MatrixMarket matrix coordinate real general
80 1 40
1 1 -.8440876971330882
2 1 .38751659930225285
3 1 .004279735022678425
4 1 .08651036191914437
5 1 .01332891583743334
6 1 -.09580304819299916
7 1 .01920112847770134
8 1 -.10075884643382477
10 1 .18849294286316887
11 1 .0015192149387897589
13 1 -.0014374794392342204
14 1 .005232844782731492
16 1 -.12295692517270332
17 1 3.143004684861394
19 1 -.02105880311241516
21 1 .00017095490508871856
22 1 .0566344259224692
23 1 -.0732194451006569
25 1 -.11415353419472808
27 1 -.008648999565751867
30 1 .12228573967068042
31 1 .5892377246176505
32 1 -4.423164096179918
33 1 -1.616494842520646
34 1 -.3649090787895828
36 1 -.1271316209361852
37 1 -.6707887112251677
39 1 .0037454087427285046
40 1 .7538516632269402
41 1 .005114039852147257
43 1 -.03320882346568989
51 1 -.05774556222462212
61 1 .22273747984057984
63 1 -2.8815588951051235e-05
67 1 .3053361891638424
72 1 -2.443590780994952
75 1 -.7379111021214672
76 1 -.00734043755598799
77 1 -.1142592839686159
78 1 .16974349153690244
