%%MatrixMarket matrix coordinate real general
80 1 39
1 1 3.4901048008796325
2 1 .22201963328350924
4 1 -.04257569184087839
5 1 .017742327038664994
6 1 -.04853654487550217
7 1 .0693630142779306
8 1 -.09255102240886652
9 1 -.004096187552463058
10 1 .10394076749011205
11 1 -.016459437739095965
12 1 -.001000542342592256
13 1 -.0026091660850435863
14 1 -.017439066030849066
17 1 .16552570472928482
19 1 -.1115641339856991
21 1 -.008345436258644827
23 1 -.13207035053120075
25 1 -.008182775082080622
27 1 -.17092865010287037
31 1 -.9950616661793958
32 1 -4.06712531850344
33 1 -.24606551799458862
34 1 -.3034885279534616
35 1 -2.461462582769708
36 1 -1.074094008384012
37 1 -.8316623650485873
39 1 .03783040364959072
43 1 .17544199420077708
52 1 .04563906981605972
54 1 .2446621630259037
56 1 .10412249992903078
61 1 .2131243476002485
63 1 -.06762858244195427
67 1 .364790162275194
70 1 -1.1637374092143302
75 1 -.09689847711213508
76 1 -.20315772717556846
77 1 -.015349489358142572
78 1 .04533436618247916
