%%MatrixMarket matrix coordinate real general
80 1 25
1 1 -.45216557537061597
2 1 .3234461447649623
3 1 .0099562177169562
4 1 .18166090826460113
6 1 -.01709657525086662
7 1 .0010825137843484243
8 1 -.030964873696023725
9 1 .0003349548497766967
10 1 -.007434552748810338
11 1 .08521190136273922
12 1 .1176208826442945
13 1 .09333582538935271
14 1 -.08622367673180732
23 1 -.055828920876987743
25 1 -.02475637105571592
27 1 -.03283010076302795
33 1 -1.462567494786531
34 1 -.2472420356875085
35 1 -2.4706830197964824
36 1 -.8208879637655294
37 1 -1.2513332841814597
41 1 .0003212001282813793
61 1 .07634455923187028
67 1 .09653124214287298
78 1 .006353265899738495
