%%MatrixMarket matrix coordinate real general
80 1 22
1 1 -.9192761482526137
2 1 .3825706073958272
4 1 .147652024130922
6 1 -.011264923496391594
7 1 .002170568107413364
8 1 -.006173190297436146
10 1 .06989543780429317
11 1 .0012195364584024983
12 1 .10868681070844696
13 1 .011920725733501714
14 1 -.05657391635410453
25 1 -.011485099088386243
27 1 -.011102274456626895
32 1 -2.4811711151825033
33 1 -.4681784427822994
34 1 -.18624903404696377
35 1 -1.3380019786225796
36 1 -.10038254282664358
37 1 -1.2163735147015955
61 1 .04129200573919477
67 1 .10650883631634199
78 1 .005693193392990301
