%%MatrixMarket matrix coordinate real general
67 1 28
1 1 2.6962531397881033
2 1 .5424623933089077
3 1 -.06526200597716877
4 1 .025952319512521395
5 1 7.952198104230303e-05
6 1 -.05034197450253263
7 1 .006085144997611053
8 1 -.0008292476637269331
9 1 -.05095219585958204
10 1 -.010971307175860453
11 1 -.009343419178219575
12 1 -.07852387242280466
14 1 -.20397267696172755
16 1 .04090664146454973
17 1 .2475021496048769
21 1 -.4126154050372794
23 1 -.005446000497986009
28 1 -.1945306689573407
29 1 .101222166635925
30 1 -.040690908426746594
31 1 -.20562504781220395
32 1 -5.020932587868848
33 1 -4.207791558355758
36 1 .00032278666724824557
39 1 -.006800666715698783
46 1 .10539464746191121
56 1 1.315235182915527
64 1 .5446350566912768
