%%MatrixMarket matrix coordinate real general
67 1 27
1 1 .4199383355665489
2 1 .6528557232828833
3 1 -.000437879911048508
4 1 -.010590041625151052
5 1 -.00022184581989124813
6 1 -.036908648455720394
8 1 -.10649179828183102
9 1 -.022751602204097974
10 1 .06267294256672142
11 1 -.006872820513516064
12 1 -.055593884351831394
13 1 -.028813195778908323
14 1 -.23607256289839662
16 1 -.0027651076987336965
17 1 .008011502905634429
23 1 -.005223951551132796
25 1 .03977993507026907
27 1 .04022037005842254
30 1 .0027216685767831213
31 1 -.4527376610740874
32 1 -5.319666927494585
33 1 -1.770643015787488
38 1 -.10810469554607598
39 1 -.03843816759617028
46 1 .6239021728625603
63 1 .34326445455232013
64 1 .43207498762508045
