%%MatrixMarket matrix coordinate real general
67 1 28
1 1 1.2864407603754318
2 1 .367988582318584
3 1 -.18029836614015163
4 1 .12761978349261965
6 1 -.012334797575109831
7 1 .0024605826390781964
8 1 -.02993380863244881
10 1 -.05450730356879982
11 1 -.010373207169837391
12 1 .027792326714405867
13 1 -.012535602126868457
14 1 -.22792325708774921
16 1 -.030785724652169937
17 1 .09295367362447264
21 1 -.39129083023878153
27 1 .08044094973847252
28 1 -.30301370162094166
29 1 .2411563840339931
30 1 .03040446626806993
31 1 -.44417725706942224
32 1 -3.921375236751607
33 1 -3.5819413951634447
39 1 -.07836787362668946
40 1 .005830063532683234
46 1 .1923950672729662
56 1 1.205999478951736
64 1 2.6307890396209928
66 1 -.022101843502316698
