%%MatrixMarket matrix coordinate real general
67 1 23
1 1 1.260600756677932
2 1 .575874872224084
3 1 -.0004503397170450855
4 1 .023839398673968767
5 1 .007106034996071647
6 1 -.056848178579904374
7 1 .014879278175092872
8 1 -.09785490747569531
9 1 -.049730560066842906
10 1 .0159170138985807
11 1 -.0005118866832824193
12 1 -.014411583201869345
13 1 -.005006763110546093
14 1 -.25149719198392884
23 1 -.01078874858954749
27 1 .03246307827208204
29 1 .05353608602805037
32 1 -3.866118501611875
33 1 -4.317266153874591
38 1 -.04988862215792256
39 1 -.05920858289398096
46 1 .032316344488989415
64 1 1.1601260208660356
