%%MatrixMarket matrix coordinate real general
67 1 18
1 1 -.37127877613911764
2 1 .5396769961289186
3 1 -.029194310522114075
4 1 .18977778774666157
6 1 -.017872543216649536
8 1 -.02245017017799565
9 1 -.0050543789224792275
10 1 .01350287510602767
11 1 -.004042567362369259
12 1 -.012938050749601877
13 1 -.0007410384934390123
14 1 -.07101456186165459
25 1 .02437215519287347
29 1 6.480301998361879e-05
31 1 -1.2124908605965268
32 1 -3.396850107130272
33 1 -2.3678410778236487
38 1 -.02099446429155818
