%%MatrixMarket matrix coordinate real general
67 1 26
1 1 2.6068849180169567
2 1 .7846469011116639
3 1 .002964818923954519
4 1 -.016011021649678932
6 1 -.09764377511383786
8 1 -.19421989591753724
9 1 -.11704772627808337
10 1 .0573984912353474
12 1 -.18680522147485804
13 1 -.007813165320299716
14 1 -.1831256800056356
16 1 .07434642333022536
23 1 -.056695440654123935
25 1 .08787447396326385
27 1 .0016587099613820486
28 1 -.14593333890258367
30 1 -.0737664302873128
31 1 -1.0340912219384042
32 1 -5.858274257345022
33 1 -2.7181537200792962
38 1 -.1927816199442444
39 1 -.007537506502950733
46 1 1.052621288652942
63 1 .648384625389693
64 1 .8909207836832975
66 1 -.8981269109115985
