%%MatrixMarket matrix coordinate real general
74 1 29
1 1 .6708251140729704
2 1 .8789442433575638
3 1 .0010103871272517757
4 1 .18817064549786158
6 1 -.011620606474905537
8 1 -.05715982240603222
9 1 .008258290197630157
10 1 .0035858316768305814
11 1 .02147525468900819
12 1 .08667860742580251
13 1 -.012353131457901935
14 1 -.09401976895386167
18 1 -.7448684119563532
21 1 -.08552428718544715
22 1 -.6356335219099714
28 1 -.041886695203795635
31 1 -.5231458514494742
32 1 -3.25478318739201
33 1 -3.3293153292251745
36 1 .03108986010007097
37 1 -.013183157777605562
38 1 .0010327259682332065
41 1 2.535898182340825
42 1 .3185148573884963
43 1 .05673249807127125
44 1 .3042828182194925
46 1 .29301278737223013
48 1 .2780571019407399
67 1 -.003545432610470246
