%%MatrixMarket matrix coordinate real general
74 1 31
1 1 .7886688572615466
2 1 .8192377583795878
3 1 .0479187056522348
4 1 .1006288838776878
5 1 .03193892890013269
6 1 -.022281373611963
7 1 .005503056324026359
8 1 -.14967838345726833
9 1 -.05397180461828333
10 1 .013656081725041623
11 1 .014621549344154088
12 1 .05997318358963172
13 1 .04042055663819836
14 1 -.110408481777189
18 1 -.45194054302563524
21 1 -.21582839915393537
22 1 -.07381174354756075
26 1 -.007340227223892096
27 1 .07122318295978197
28 1 -.14560088983580396
31 1 -1.1333744145602676
32 1 -4.133855212627245
33 1 -2.033454424760867
36 1 .15501607616749014
37 1 -1.4385929730643556
41 1 4.745489088476019
64 1 -.02554319375824061
67 1 -.030726809151576506
72 1 -.009091192773019754
73 1 -.012540482048770172
74 1 -.007123361279328898
