%%MatrixMarket matrix coordinate real general
74 1 22
1 1 -1.398993302971122
2 1 .5954106666737777
3 1 .011841211720024485
4 1 .1470621440342588
6 1 .004324423706487996
8 1 -.014285293128560073
9 1 -.0021389543792284596
11 1 .03838442380018646
12 1 .09543000982452024
13 1 .008907986600597983
14 1 -.0578365954226464
16 1 .0033169695858295527
18 1 -.0013570727447095637
21 1 -.0458048979367916
30 1 -.0033053574548885557
32 1 -3.770546332123893
33 1 -1.855537726796615
36 1 .02388216235595618
41 1 .29921979785284997
42 1 .008078365239083318
43 1 .6068661102293427
73 1 -.000462592130443748
