%%MatrixMarket matrix coordinate real general
74 1 20
1 1 -1.9103207738449868
2 1 .6968469558009554
3 1 -.0009677788809853569
4 1 .28752836553893085
5 1 -.006645223851635883
6 1 .10074250315620141
7 1 -.006641671329631548
8 1 .005987053011242703
10 1 .11612786581265452
11 1 .0018268628490055194
12 1 -.0016778274978560478
14 1 -.05229600503134734
17 1 1.1217467143040216
21 1 -.014029281668677951
22 1 -.014768081762065436
27 1 .0059862108150087546
31 1 -1.7559238753898347
32 1 -3.093227029003684
33 1 -1.589040245925664
73 1 -.03252897352476272
