%%MatrixMarket matrix coordinate real general
74 1 28
1 1 -1.2301719415906955
2 1 .7137681948988655
3 1 .00527667190424648
4 1 .16526720135615758
7 1 -.0005679311699175255
8 1 -.009707373038741064
9 1 -.00021329177457586786
10 1 .036604332591813296
11 1 .03961518645405826
12 1 .043926539891764864
13 1 .04572393453360904
14 1 -.06906304067683877
16 1 .027060150778725246
17 1 .12235753418899258
18 1 -.00926477218195178
21 1 -.04715061221621397
28 1 -.017250710709616198
30 1 -.02692679034004762
31 1 -1.718545811300345
32 1 -2.1877892979364018
33 1 -2.098110326437098
36 1 .023557790814551484
41 1 .581023778111722
42 1 .01156839411245695
44 1 .0015637634260611323
46 1 .0014809618692501587
48 1 .0014023441764736892
73 1 -.020931636219933207
