%%MatrixMarket matrix coordinate real general
74 1 19
1 1 -1.6347863972110552
2 1 .7355604347994046
4 1 .1902938345699064
7 1 -.00903732801058161
8 1 -.027727660100877124
9 1 -.002375425598702512
10 1 .008383443697849272
11 1 -.001044360396139881
12 1 .12968762017523117
13 1 -.007941536893786811
14 1 -.07121550105319231
21 1 -.051073213463792885
22 1 -.001206905613660569
27 1 .03540068659226159
31 1 -1.0674089610079929
32 1 -3.4502269431758386
33 1 -1.3147648295033796
36 1 .025234844308114658
72 1 .0030910040178622096
