%%MatrixMarket matrix coordinate real general
74 1 27
1 1 1.3225878307011323
2 1 .7393566160803452
3 1 .002006783453168018
4 1 .0613016984146655
5 1 .0012252883395588035
6 1 -.034278107574331154
8 1 -.1458742707120315
9 1 -.028070060730236518
10 1 -.0007154773679118185
11 1 -.013506277342633913
12 1 .03187226360205546
14 1 -.05193726984965162
17 1 .060472152373601276
18 1 -.47438849742048167
21 1 -.09880974786418806
27 1 .6319702286008083
31 1 -1.7506744766820108
32 1 -3.519561202050541
33 1 -2.7436295621532345
36 1 .07878473498747453
41 1 3.602870355421281
42 1 .2075836105219118
44 1 .2017784334110331
46 1 .19552843253508578
48 1 .18896287771093775
73 1 -.10345505008199168
74 1 -.0017917560668855913
