%%MatrixMarket matrix coordinate real general
65 1 36
1 1 1.9539974165446807
2 1 .5301094195581431
3 1 -.0015184273031558248
4 1 -.028443503796989164
5 1 -.013706560403567295
6 1 -.03180299823144588
7 1 -.0011000960314557265
8 1 -.03983310272656424
9 1 -.022479598917149558
10 1 .03178212871143413
12 1 -.05215953654014496
13 1 -.049829816963219725
14 1 -.07010605065843308
16 1 -.12367511427495376
17 1 .5180402318086222
19 1 .0006587217642743827
23 1 .10158253995519
25 1 .0953487434790061
27 1 -.00026380970140459255
28 1 -.012208110011575903
29 1 .031260038769355326
30 1 .12332666182343463
31 1 -.36183108919263296
32 1 .0019047844854161006
33 1 -2.7732828602246316
34 1 -6.393761992779547
35 1 -.2523931234306459
41 1 -.1334432880406013
46 1 -.035333491973186776
47 1 -.919523403599265
50 1 -1.787359646309378
52 1 -2.1464587420681687
57 1 .44879746528653935
59 1 -.12327700293045354
62 1 .8626232943040053
65 1 -.01253197937562979
