%%MatrixMarket matrix coordinate real general
65 1 46
1 1 3.527348556429506
2 1 .34959151515963244
3 1 -.005038846459550319
4 1 .009055778854741398
5 1 -.007589364165185079
7 1 -.024689760846505624
8 1 -.022649964825364695
9 1 -.05916009785529328
10 1 .005528834641173948
11 1 -.01988364304002943
12 1 -.04593839917457994
13 1 -.08490962408377607
14 1 -.13095253477854746
16 1 -.04729816169084439
17 1 .2827164338492213
19 1 .0029241661629140683
20 1 .0429716516379407
21 1 .036730359107745206
23 1 .11466875263591189
24 1 -.11285896734099257
25 1 .12073661591662783
26 1 -.07850831073376399
28 1 -.02746183483959164
29 1 .039826578685964786
30 1 .04723692704675018
32 1 -1.211045967110477
33 1 -2.230040028318572
34 1 -4.59731637439365
35 1 -3.1806326610189086
37 1 -.031230306991584463
39 1 -.0013221335688382678
40 1 -1.551126792312651
41 1 -.10465998762276293
45 1 -.8800411409701044
46 1 -.021915681234891363
47 1 -.8357919281928969
50 1 -.7048576956825098
51 1 -.013957602745368676
52 1 -1.2729101208306532
53 1 2.833342963236994
54 1 -.2661134301550538
55 1 -.1398698978214446
57 1 .09888152871777392
59 1 .0003604344846319729
63 1 -.24260409603854116
64 1 -.22182947550980234
