%%MatrixMarket matrix coordinate real general
66 1 36
1 1 1.2735544034462034
2 1 .4913799587173763
3 1 .17345740512260327
4 1 -.01059983787747504
5 1 .0693567439167458
6 1 -.012074014405500062
7 1 .001448835475505579
8 1 -.03352651619237566
9 1 .00031638787791244164
10 1 .021553375138394122
11 1 -.07380621293537995
14 1 -.00011800540251433638
16 1 .013738840653091446
17 1 1.6827470587461786
19 1 -.24376721304541032
21 1 -.13621734821367806
22 1 .00033232256527006954
24 1 -.23534994860386904
27 1 -.059324459644710135
28 1 .05635331858163537
30 1 -.013693262963830973
31 1 -5.774963810301963
32 1 -1.8862397906972181
33 1 1.901911377904836
34 1 .020220823787446163
40 1 -.06264154551709378
41 1 -.023179981791847208
44 1 -.23564100208598684
45 1 -2.4333299535023336
47 1 -.02203387955966082
50 1 -1.4392999106113318
52 1 -.0009099052768954044
56 1 .23349713951290033
58 1 -.2649080369892386
60 1 .5486959097943999
64 1 .052343879606958695
