%%MatrixMarket matrix coordinate real general
66 1 31
1 1 -1.1221916525511109
2 1 .7175703040840753
3 1 .008070969449110408
4 1 .03297106550220086
5 1 1.584661321684267e-06
6 1 -.0046690012278473815
8 1 -.0357794345895023
10 1 -.00010374352078240137
11 1 -.018725509470500525
12 1 .009115782828922819
13 1 .0015305907524160202
14 1 .022406156067467636
16 1 -.0032591678572122464
17 1 1.9295261885775143
21 1 -.022174031997967827
22 1 -.004439882323949642
24 1 -.37211527590835525
30 1 .0032259447355586
31 1 -2.180187090161453
32 1 -3.423056152032423
34 1 .02498613839279034
37 1 .07562742303570424
42 1 -.00048327432008992354
44 1 -.10430100513162371
45 1 -.07648519517513093
46 1 .16832041679546786
47 1 -.23751365540489108
48 1 .014302281600122212
51 1 .26828420390564195
52 1 -.07059149405859753
56 1 .36934399517150096
