%%MatrixMarket matrix coordinate real general
66 1 29
1 1 -.9721374565895449
2 1 .6311555878745261
3 1 .09923954180896925
4 1 .005750006914514822
5 1 .01289647725601977
6 1 -.02225144463876955
8 1 -.06343456348598019
9 1 -.0004733007410239106
10 1 -.0017372438955275487
11 1 -.037987391897416144
12 1 .0011135127033822776
13 1 -.06749006556394233
16 1 .04001241008575213
17 1 2.7263683504295013
19 1 -.36738236911830047
21 1 -.028782857850838527
27 1 -.0002781579674436909
28 1 .07321422198859462
30 1 -.03989023546371088
31 1 -5.531352637337333
32 1 -.5674885466427115
33 1 1.548722388294245
36 1 -.0024287894655473517
42 1 .02082286839687592
44 1 -.009384409381703643
45 1 -.8932761727615654
50 1 -.71343900232723
60 1 .11191052199506347
62 1 .23570242416154977
