%%MatrixMarket matrix coordinate real general
66 1 44
1 1 -2.297444762750036
2 1 .4944193455662277
3 1 .06301228860015934
4 1 .1128598652217538
5 1 .007517007299695316
6 1 -.05299488260740666
7 1 .013892830535841375
8 1 -.10698821364994793
9 1 -.000705920926279323
10 1 .035520128877187244
11 1 -.03392664063807892
12 1 .13609162632263958
13 1 -.025050701121256215
14 1 .005371540338199596
16 1 .014348026534599607
17 1 5.286159368050928
19 1 -.8748109256191596
21 1 -.07455389925162749
22 1 .028112350619568214
23 1 -.026098605763845543
24 1 -.005485870134109929
27 1 -.016823859146260903
28 1 .10262162006256074
30 1 -.014347751809939583
31 1 -4.3163190698286655
32 1 .060300408547598924
33 1 3.5174617517232125
34 1 .005377872368050392
40 1 .03737394800126086
41 1 .0020543230324524234
42 1 .028610315066086724
44 1 -.215427874535493
45 1 -2.393666284585715
47 1 -.5581040903787586
50 1 -1.223631351537443
52 1 -.2959153402702123
53 1 .05136943545794668
56 1 .005416993920684067
58 1 -1.4561351220471652
60 1 1.4616884009260631
62 1 .10823896851071999
63 1 -.25746936511714463
64 1 -.008666256069182496
65 1 -.2686437631446445
