%%MatrixMarket matrix coordinate real general
66 1 25
1 1 -1.8058821986087512
2 1 .759221997836029
3 1 .009296736994455398
4 1 .08690382987752909
5 1 -.0001259777840039526
6 1 -.008404944391355541
7 1 -.01154923999606659
8 1 -.0024794298182916757
9 1 -.006540823487413357
10 1 -.01132928494142276
11 1 -.019908853206560818
13 1 -.0033769070975985327
14 1 .005002133886416283
16 1 .024056152436952867
17 1 2.512744266153357
21 1 -.0019294082027939785
22 1 -.19653772997997304
30 1 -.024013143874675846
31 1 -4.883155625598604
32 1 -.8603484767696136
34 1 .0027978546265062525
45 1 -.2056261734554167
48 1 .08429614992873424
50 1 -.06789878539574014
60 1 .0982215249390434
