%%MatrixMarket matrix coordinate real general
64 1 41
1 1 3.2654160946772057
2 1 .34243023860652955
3 1 .017807665443683507
4 1 .3090957393873326
5 1 -.02716110261927499
6 1 -.05029992651367505
7 1 .0015553094641659498
8 1 -.10047700196919078
9 1 -.03198154532135607
10 1 -.05461407692089872
11 1 .005569647827388164
12 1 .1918755735406303
13 1 -.0382103479237277
14 1 -.09173838174194354
16 1 -.006788566652066015
17 1 4.536659559476301
19 1 -.07225105983425995
20 1 -1.419514628490433
21 1 .008147575886289553
22 1 -4.3600305967629
23 1 -.011228564172370762
25 1 -.07165049160613575
27 1 -.04974580591157154
29 1 .00667612465978035
31 1 -.07383484606928763
32 1 -.020092743074756947
33 1 -1.2325029920691688
34 1 -3.42523284306633
35 1 .06099021551278162
36 1 -.14929025770173784
38 1 .1208276121880338
39 1 -.0027717805570709477
40 1 -.03673065515694219
44 1 -2.3088668153420153
45 1 -.003609934408497538
51 1 -.8380550339498034
54 1 .029124892442967027
61 1 -.08988417799240474
62 1 -.4435201558466201
63 1 -.009399874819957434
64 1 -.0010465541002397684
