%%MatrixMarket matrix coordinate real general
64 1 22
1 1 -.9329493000816642
2 1 .5111724270702333
4 1 .26221762614456906
6 1 -.044256525172085205
8 1 -.029753516211050147
10 1 .16092846121501397
12 1 .17570642799619055
14 1 -.058647794714035195
16 1 .00473777987935655
19 1 -.0001480588328333151
23 1 -.018365466290708694
25 1 -.009329637330664239
29 1 -.004703208515314744
30 1 -.025606124850553424
31 1 -3.9382614129800815
32 1 -.06675095161321029
33 1 -1.706360032484317
34 1 -.7849814604111182
35 1 .06531393977596987
36 1 -.0010712919417820014
38 1 .05431263574494961
39 1 .006967206785017473
