%%MatrixMarket matrix coordinate real general
64 1 30
1 1 6.054910739350542
2 1 .49246051043773464
4 1 .2912770701874924
5 1 -.0018296993425562205
6 1 -.04734511548326239
7 1 -.026725556090470365
8 1 -.07746501915070997
10 1 .16316193127531492
12 1 -.0004578784375244508
13 1 -.03677586212086119
14 1 -.07775742222935976
16 1 .001473726174146046
20 1 -2.289485137487344
22 1 -1.2422414900876635
23 1 -.042071322949900604
25 1 -.009683897039140686
29 1 -.001348437870765232
30 1 -.019077503455096935
31 1 -3.5012920975606816
33 1 -3.0601980259897923
34 1 -2.6790315741494246
35 1 .04718377300964282
36 1 -.05174132739347757
38 1 .04388468263136617
39 1 .006063946815950334
40 1 -.24600965250079057
41 1 -.44148454323471237
45 1 -.0016719063702739843
50 1 1.1987352674628253
59 1 -.10381996894789276
