%%MatrixMarket matrix coordinate real general
64 1 26
1 1 2.903752301795574
2 1 .33153362483459037
3 1 .0069832486109525915
4 1 .13887709581389066
5 1 .005779182802537466
6 1 -.005675326214415477
7 1 .0010942617755245103
8 1 -.016443691104190052
10 1 .08708487170672803
11 1 .005005546278674542
12 1 -.0010027788711909017
13 1 -.01748094791051545
14 1 -.11691729484525826
19 1 -.037343864830863605
20 1 -.41640570869859095
22 1 -1.0740577910280706
25 1 -.039741175996599036
28 1 -.013164178636174478
30 1 .0009634417914191647
33 1 -3.9506843546304786
34 1 -4.9395753764774
35 1 .03031851929478923
38 1 .023445251358153982
44 1 -.11244799358560285
60 1 -.43200429561781833
61 1 -.004194101818048599
