%%MatrixMarket matrix coordinate real general
64 1 32
1 1 8.027560339540054
2 1 .39462272154135697
3 1 .0019353366834837836
4 1 .22210065264539827
5 1 -.011304247840250239
6 1 -.02536956839922596
7 1 -1.7271830959052243e-05
8 1 -.05571041409308589
9 1 -.010220263768033066
10 1 .06841160486430083
11 1 .005566083335232939
12 1 .10096141493608222
13 1 -.020650482452754325
14 1 -.14397571014351065
16 1 -6.058858687304714e-05
20 1 -2.978283849896643
22 1 -2.4048067686348045
25 1 -.008460091161728923
26 1 -.27699361533162525
27 1 -.0991700788144197
28 1 -.3125117941985135
29 1 1.872954439725435e-05
31 1 -2.4435489179001424
33 1 -2.763450925787018
34 1 -4.373299064826795
36 1 .0012832593726071911
38 1 .006630591034422899
40 1 -.2280415610327897
41 1 -.09034955425067857
44 1 -2.3055764137209094
60 1 -.7206375134650448
61 1 -.006170042861199793
