%%MatrixMarket matrix coordinate real general
64 1 37
1 1 7.90869060171176
2 1 .39235889332856183
4 1 .11621881982137372
5 1 .02577201038803259
6 1 -.027476727927427908
7 1 .002097361888849251
8 1 -.06738116756983736
9 1 .019516245527479246
10 1 .18572901454381174
12 1 -.02393622249667955
13 1 -.014675533621436707
14 1 -.02590361488392266
16 1 .08677218674061533
19 1 -.025931603161125444
21 1 -.06454736445485608
23 1 -.06489046312888137
25 1 -.08869764324889162
26 1 -.5128504182553209
28 1 -.12600340535869617
29 1 -.08641430817185303
30 1 -.029166611431075757
31 1 -6.793184664689648
32 1 -.0006687014916735421
33 1 -4.740044805823808
34 1 -3.124522145751528
35 1 .18108791984597467
38 1 .11074915364075769
39 1 .10020440845387367
40 1 -.09067256795206287
50 1 1.0743785981241014
51 1 .036311171003845524
54 1 -.016463110813962924
55 1 -.46789567033031837
59 1 -.4187217354467952
60 1 -1.7549393205527561
61 1 -.013136198211586817
62 1 .07976642494601652
