%%MatrixMarket matrix coordinate real general
64 1 26
1 1 -2.399730102781268
2 1 .5326599303303697
3 1 .017408189753240183
4 1 .34285400686110346
5 1 .009612028072533689
7 1 .05687945681442081
8 1 -.023091693633324625
10 1 .11756617227647388
11 1 .011411740781289518
12 1 .0938084876812055
13 1 -.0018434050263591104
14 1 -.06985228953447474
16 1 .00893532808322848
17 1 .02718913045805877
19 1 -.08064416103798494
25 1 -.04204612485718822
29 1 -.00888798878869161
31 1 -.004334225166236796
32 1 -.4732438706644616
33 1 -1.6570234932986094
34 1 -2.9346633551619936
35 1 .09702861987179329
36 1 -.002384446561007141
38 1 .03727892654055072
39 1 .015904931026739073
61 1 -.002796886109953908
