%%MatrixMarket matrix coordinate real general
66 1 21
1 1 -6.887390854108256
2 1 .3476096593461505
4 1 .19458344524457435
5 1 -.0373851581006521
6 1 -.006169971664340979
8 1 -.04390776347907238
9 1 -.01144489391474454
12 1 .00019064002802395618
17 1 5.396205702136213
19 1 -.04398627622307331
21 1 -.06518021157854903
26 1 .002193200164596826
27 1 -.0015271554940789057
33 1 -.027872103943505845
34 1 .046290402745673566
36 1 .0005652869210596291
39 1 .009795055961347986
41 1 -.042330905745754537
44 1 .3521319035760801
48 1 .20155998798149236
49 1 .009967534810563452
