%%MatrixMarket matrix coordinate real general
66 1 26
1 1 -2.9770329354928515
2 1 .5036933696429312
4 1 .15530547954743362
5 1 -.02124138113494705
6 1 -.004772525525471477
7 1 -.002923969114163896
8 1 -.02879680382989282
9 1 -.018436320641197143
10 1 -.009561396274833716
11 1 -.04069443047424859
12 1 .08444677756432097
13 1 -.018459105391206133
14 1 -.0768501006412101
17 1 1.7593731548225173
19 1 -.01656670059975512
21 1 -.00835504852101123
26 1 .008022092418963484
27 1 -.017698044501677654
32 1 -2.8646566820219888
33 1 -.9787782073203936
34 1 .0004895506413429602
44 1 .1305930784235035
48 1 .06480017362129521
49 1 .009007816978024923
53 1 .04168463027609129
57 1 -.0036033642112224926
