%%MatrixMarket matrix coordinate real general
67 1 32
1 1 -.9481423071747486
2 1 .6386888792735461
3 1 -.0019871454576573383
4 1 .08324092963416185
6 1 -.06902456458195891
8 1 -.12350993577166626
9 1 .051662174524785255
10 1 .2133551927087553
11 1 -.0008134603173091512
12 1 -.022785063810744122
14 1 -.09985317308266443
16 1 .0053445643255085875
17 1 2.4820576162631878
21 1 -.07963589350367599
22 1 .04953312257419554
23 1 -.02351761373536098
26 1 -.0025169387678352644
29 1 -.0015286166609137482
30 1 -.005329705240550027
31 1 -2.4412167826902764
32 1 -2.64393473553513
33 1 -1.3061114228580628
34 1 -.6327158999683887
39 1 .2629840224373001
41 1 1.2070952764684904
42 1 .020985541568326257
47 1 .06467495446792797
49 1 .03941598335584385
54 1 .10345994007621656
56 1 .008062472939282188
57 1 .022347168065168996
59 1 .0580233379528475
