%%MatrixMarket matrix coordinate real general
67 1 42
1 1 2.282063655706084
2 1 .35047923272663956
3 1 -.06962173624282517
4 1 .02197032077711788
5 1 .05573873498404939
7 1 .06885674487349265
8 1 -.06683241289172216
9 1 .044601300083430516
10 1 .1049578120553185
11 1 .0012609967905707743
12 1 -.0436315171236352
13 1 -.021848849623711475
14 1 -.20448866606493757
16 1 -.05969184816958418
17 1 .5422787451060832
18 1 .02239281421713927
19 1 -.024771522122325626
21 1 -.13594589749740058
25 1 .12710452735252667
26 1 -.0007795041341412895
29 1 -.02660941462852542
30 1 .059424294973684885
31 1 -1.7494164668527379
32 1 -1.7862316740084239
33 1 -5.664663029829185
34 1 -.507909891301747
35 1 -.45794875478777397
38 1 .006126415586776317
39 1 .08577175050898243
40 1 -.5180167808446824
41 1 2.574718235093358
42 1 3.8723308608633236
43 1 -.0028595225213317345
45 1 -.09315733055979647
49 1 -.006305671534979295
55 1 .0804987817048923
57 1 .9398076391648559
61 1 -7.821184146894671
64 1 .5663179464279242
65 1 .004370424172498403
66 1 -.037170160911467943
67 1 3.389691243360968
