%%MatrixMarket matrix coordinate real general
67 1 32
1 1 2.143102938413043
2 1 .3315284628741596
4 1 .08597054956962788
5 1 .004825481742939885
6 1 -.0024179484464096576
7 1 .014378416333563184
8 1 -.03332391184045127
10 1 -.009938341803010394
11 1 -.027399595396108655
12 1 .011109640023559962
13 1 -.00983009096226151
14 1 -.13282959735255137
17 1 .043662646177902435
18 1 -.0571877985133995
21 1 -.035883486385418675
22 1 .10415268057801208
31 1 -1.682586183608651
32 1 -1.711043235746126
33 1 -5.916957823822979
34 1 -.2819292864341524
37 1 -1.5948355450214418
39 1 .0007770242725289965
41 1 2.449349840367911
42 1 1.5174748601080605
43 1 .055796575292396816
47 1 -.0017689643597057897
49 1 -.0015436783137813227
54 1 -.015426705598952197
57 1 1.4569479677514598
59 1 -.004127207713169721
66 1 -.013230834290804228
67 1 1.588615705666981
