%%MatrixMarket matrix coordinate real general
69 1 28
1 1 .20284182413104812
2 1 .48226525255686087
3 1 -.05552033108172029
4 1 .2198765163261727
5 1 -.0079822059364324
6 1 -.06287673433569987
8 1 -.19213649962085352
9 1 -.01644921031005058
10 1 -.01219929194125627
11 1 .0005323096521816824
12 1 .023953339421962202
13 1 .05480378389734945
14 1 -.09671436478504333
17 1 .9604601767577273
23 1 .00436089888284162
27 1 .2493837362533484
29 1 .03736136235051639
31 1 -1.8962947509679655
32 1 -2.903660057219203
33 1 -2.2150300481558554
35 1 .055144814825078374
37 1 .023137616642369113
39 1 .0018454241278644825
42 1 -.012865105286232935
43 1 .009108313993950573
47 1 -.0026262949337017023
67 1 .0033188497419181506
69 1 2.8352769823311053
