%%MatrixMarket matrix coordinate real general
69 1 27
1 1 -3.1585629043048726
2 1 .5183630952398477
4 1 .17459022487813433
6 1 -.038165701524648
7 1 -.0001197388115406697
8 1 -.09297442395222665
9 1 -.05930508772775999
10 1 -.0016320981733380692
11 1 -.002805278570441456
12 1 .13841969056365397
13 1 .008886649122750525
14 1 -.13125249871105135
17 1 3.6979198702840055
19 1 -.018960550134679562
23 1 .04950774462503082
25 1 .007518910692994586
27 1 .07851254439575893
31 1 -1.466227264671638
32 1 -2.407992425038429
33 1 -.000928924061128386
38 1 .012916522195699142
39 1 .038935436880358366
43 1 .5312423912933636
44 1 .10177648677922443
46 1 1.244567862239569
58 1 -.05711707325404118
60 1 -.12089982966105002
