%%MatrixMarket matrix coordinate real general
69 1 41
1 1 .6231017002798893
2 1 .46686562474016247
3 1 -.0010293122285601863
4 1 .22823471452756983
5 1 -.01626648000016841
6 1 -.06641486113650805
7 1 -.0009919024375813987
8 1 -.27462057923231187
9 1 -.1280178805469227
10 1 .007825589459237734
11 1 .0034179863252656296
12 1 .006343789755046505
14 1 -.13832905121190445
16 1 -.004341301250432129
17 1 1.731472889340548
19 1 -.15290584108956795
21 1 -.25344352050345736
23 1 .09643475727010312
27 1 .10964883086532132
28 1 -.13426421402414415
29 1 .0017523088219169143
30 1 .004234929487877185
31 1 -2.8570584801861165
32 1 -1.7540362700701402
33 1 -2.325245336591489
34 1 -.06363949770891744
35 1 .0002527848061281948
39 1 .06241151612419868
42 1 -.0035225837846654265
43 1 1.9445326611583786
44 1 .6909600932340991
46 1 1.319799975754674
47 1 .011814559279118833
54 1 .007850966601512743
58 1 -.1615825839671166
59 1 .017412803428860524
60 1 -.1060605493129926
63 1 2.045452193473311
65 1 .825041872660453
67 1 .0011087622059067473
69 1 2.990696517552207
