%%MatrixMarket matrix coordinate real general
69 1 25
1 1 -4.723456563865609
2 1 .391327042829663
3 1 -7.50843023834466e-06
4 1 .13421465059121235
5 1 -.00511024827019744
6 1 .0036111934719855166
8 1 -.06562661706809886
9 1 -.049505981446806235
10 1 -.043011132126276004
11 1 .000702647969967817
12 1 .2146489144044367
13 1 .007934615696758933
14 1 -.07964509416752533
17 1 3.2643193446067924
27 1 .10519011951289141
32 1 -1.5682209394037014
33 1 -.6217869439927517
35 1 .011870095723443136
42 1 -.0056480275683328755
43 1 .35560715855802033
44 1 .0024615908313082883
49 1 .10614859335120376
54 1 -.007280990748073658
58 1 -.016989987031196366
60 1 -.001771205453546247
