%%MatrixMarket matrix coordinate real general
69 1 32
1 1 .42527399437299085
2 1 .39452751733578106
4 1 .1306706154883801
5 1 -.00531012620042141
6 1 -.012971416759256501
8 1 -.12357591900229715
9 1 -.014219184322209885
10 1 .007285580584929291
12 1 .04149467475939161
14 1 -.164447113270919
16 1 .018363897681129848
17 1 .911952435632687
19 1 -.1591878461844182
21 1 -.03917939362279299
25 1 -.0018321952441910894
27 1 .028338279441693044
29 1 .0375720317390453
30 1 -.018234428389442524
31 1 -1.1500239110996373
32 1 -2.4801829630232692
33 1 -3.377714548672805
35 1 .10620079001484356
36 1 .7301755222473898
37 1 .07111480867916659
38 1 -.030742674266081696
43 1 .6429323685295681
44 1 .45601751610667257
54 1 -.007036189372779899
58 1 -.00011320753520293922
63 1 .6014865098121873
66 1 -.0014637972946767454
69 1 2.3713421562514796
