%%MatrixMarket matrix coordinate real general
69 1 35
1 1 -2.926159288869068
2 1 .5140263194741699
4 1 .20279724457149834
6 1 -.05992380903045641
7 1 .004795684316135046
8 1 -.13781903078695665
9 1 -.031413492797400765
10 1 .013118913546897391
11 1 .0005419030385510586
12 1 .1795172236685636
13 1 1.3540836988321578e-05
14 1 -.22873058830604248
17 1 1.9054184510912877
19 1 -.06277305216586844
23 1 .03963347368101162
25 1 .0018519090699284947
27 1 .07581486085677702
29 1 .0040193639208264105
31 1 -2.135551799880847
32 1 -1.6148231306913219
35 1 .0021667736947616465
37 1 .005399899822491398
38 1 -.0004336448707820985
41 1 .02242290553657787
43 1 .29519323354673654
44 1 .2304268288787364
45 1 .07884135009794081
52 1 .06734549612844633
54 1 -.0262372972922022
58 1 -.07097855450732676
59 1 .017256068652525918
60 1 -.0048786142075003995
63 1 .6425717629651032
66 1 5.958949861003196e-05
69 1 2.9537294309005655
