%%MatrixMarket matrix coordinate real general
72 1 29
1 1 -2.2883543125718786
2 1 .8869818802397433
3 1 -.044904663083991686
4 1 .17210019058761747
5 1 -.008985070363994123
6 1 -.007779227437632855
7 1 -.02644859227012486
8 1 -.013866936389657959
9 1 -.012380172403075752
10 1 .13429604321935687
11 1 .009321022121869516
12 1 -.04452364452543467
13 1 .0011011186500588881
14 1 -.00044092482507648644
17 1 2.218847840033015
19 1 -.03171324611973089
21 1 -.053077458591407584
22 1 -.18358247722077484
31 1 -1.5388217228478636
32 1 -2.4356492557813576
33 1 -1.4530870777907487
46 1 -.025780703249573725
48 1 .21021571697189295
51 1 -.28636791449714616
55 1 .15348879460992043
58 1 -2.541860816196755
60 1 -.01036945392536238
61 1 -.005173212924952518
66 1 .7413466522493624
