%%MatrixMarket matrix coordinate real general
72 1 19
1 1 -3.1570080279514174
2 1 .7308882718480763
4 1 .11007696563162853
5 1 -.0022561119064058066
6 1 -.00010145420439499202
8 1 -5.637226391947578e-06
10 1 .10493240953098988
11 1 -6.90910418692055e-05
12 1 -.0020467843330699027
16 1 -.0001490610818679848
17 1 1.96894339520518
19 1 -.01041287331265678
21 1 -.008887934130084962
30 1 .00014753966921427012
31 1 -1.5988453709223385
32 1 -3.0323118276553362
33 1 -1.5897823590086035
38 1 .0038266133355341833
66 1 .10156289493884277
