%%MatrixMarket matrix coordinate real general
72 1 30
1 1 -2.2731617169560243
2 1 .7948543689570046
3 1 -.013663005707593746
4 1 -.0044026349143326355
5 1 -.001236435256685656
6 1 -.0005500872767293042
9 1 -.03022587951312279
10 1 -.011934646710122525
12 1 .11826223961022175
14 1 .0013149391793924417
16 1 -.016590919465513942
17 1 2.6810453944541273
19 1 -.11284609577616264
21 1 -.09743556802873356
30 1 .016445532617111975
31 1 -4.075399005600249
32 1 -.4467113986050443
33 1 -.5414361070196991
38 1 .005255925122678919
46 1 -.029751211209626132
47 1 -.10853178693467672
50 1 -.06565654853813856
58 1 -.15379111476769253
60 1 -.33002967965266455
61 1 -.28250512614791706
62 1 -.037816080614370924
67 1 -.2574006694095885
69 1 -.19737698523789632
71 1 -.21322323295636544
72 1 -.15662600346043387
