%%MatrixMarket matrix coordinate real general
72 1 29
1 1 -.2831658958374055
2 1 .5624786939101393
3 1 -.0295877627598993
4 1 .031420642907325054
5 1 -.03938224037553106
6 1 .059626191619668895
7 1 -.04934522547461098
8 1 .023822581772023517
9 1 -.03166702312460574
10 1 .010602796094014977
11 1 -.004944197206867033
12 1 -.01745843588229241
13 1 -.012713882443888748
16 1 -.13669289161209042
17 1 2.699140304950818
19 1 -.1281429110730736
21 1 -.154174174094734
22 1 -.3232900104504818
30 1 .13598814412637145
31 1 -3.06417001174084
32 1 -2.3192010166059904
33 1 -1.3132724789089187
38 1 .01002727074710352
46 1 -.04692037179463427
48 1 .4360306677867091
51 1 -.3970667021031511
55 1 .15096665074093057
62 1 -.3083827673210053
66 1 2.2399281535897204
