%%MatrixMarket matrix coordinate real general
74 1 23
1 1 -5.402384131753582
2 1 .27642854575191145
3 1 -.02540586304534916
4 1 .4008191594694416
5 1 -.00699928330177375
6 1 -.003040524088649496
7 1 -.00846154043749563
8 1 -.02501843473971267
10 1 .11896874224013318
12 1 .03916897050408626
13 1 .0009099667931465489
16 1 .013309589573071589
19 1 -.10936613120391152
27 1 -.0016397134763091094
30 1 -.013264805143043812
33 1 -.9732979367340662
35 1 -.6648669357887223
37 1 .03179221439523857
44 1 -.3154555740590654
45 1 -.2984267486258749
46 1 .045372405555630324
53 1 2.3978450132269202
56 1 .36976914632505997
