%%MatrixMarket matrix coordinate real general
74 1 34
1 1 1.1828643069177254
2 1 .42403220754069326
3 1 -.008158192643880255
4 1 .3233581498331118
5 1 -.001133406369916247
6 1 .0068844525007185344
7 1 -.005189837455839877
8 1 -.009686132724435302
9 1 -.03907438683997844
10 1 .08374060805267151
11 1 -.013427704275050587
12 1 -.002365415386150501
13 1 .01746576848665346
14 1 -.06390039444764938
17 1 .15693053154970296
19 1 -.07615409720305413
24 1 -.021437747629271222
27 1 -.09057508374781474
28 1 -.0016483971467746265
29 1 .04052807304646361
31 1 -.045650328517668995
32 1 -.769047134011493
33 1 -7.437142490995957
36 1 .0016156340325732715
37 1 .07225011206934973
39 1 .120653776443313
40 1 -3.3608682088219632
44 1 -.72246893989876
46 1 .17739431429170513
51 1 .005827241706623481
59 1 -.015739223197339752
62 1 .007774565614360084
63 1 -.02884851689577567
73 1 .025486797885636944
