%%MatrixMarket matrix coordinate real general
74 1 35
1 1 -.4226016293833741
2 1 .5526153628476603
3 1 -.03799003242939595
4 1 .21328220669875722
6 1 -.036440287150098095
8 1 -.056165606673990405
9 1 -.06522740475634332
11 1 -.007618608450003164
12 1 .044691890463251276
13 1 -.010789171974977444
14 1 -.007145070154318699
16 1 .024212723851169633
17 1 1.6495320582531003
19 1 -.3308546413253973
27 1 -.07591522594971319
28 1 -.03923944363004863
30 1 -.02410724997302556
31 1 -.11827923052110155
32 1 -.5369915249655329
33 1 -5.3987574106215614
35 1 -1.0033164718366143
37 1 .3327576039649834
39 1 .2803157306548056
44 1 -.0003084092464764014
46 1 .32536246477743047
48 1 .01883081628705824
53 1 .18983534094328702
61 1 -.6547832366174868
62 1 .04925592390699479
63 1 -.015527689808948551
68 1 -.5402630962795237
69 1 -.1439689686283573
71 1 -2.29637029373188
72 1 2.485210128013833
74 1 1.1013010530299652
