%%MatrixMarket matrix coordinate real general
74 1 37
1 1 -1.0286053741241181
2 1 .570881363889775
3 1 -.00093093533162683215
4 1 .06951405950499834
5 1 .020532139036974345
6 1 -.00016217762952702513
7 1 .0006651286625836909
8 1 -.0735592955888994
9 1 -.07459249771054785
10 1 -.08782992206910985
11 1 -.01673538719626934
12 1 .23638969062539175
13 1 -.058059114725237046
14 1 .00474711346287898
16 1 -.006380886169232398
17 1 3.1851265361629992
19 1 -.019116426700236153
25 1 -1.3825090495357806
27 1 -.07562445906272529
28 1 -.005116851747311986
29 1 .036320997914164106
30 1 .00621524523102542
31 1 -.545609804870052
33 1 -4.553295484334756
34 1 1.312258508833193
35 1 -.07488271938513923
36 1 -.00843267560242625
37 1 .02135223492116102
39 1 .04148366391431826
40 1 -3.697529192491285
44 1 -.002294240647991583
46 1 .299559404005351
62 1 .014938253397344151
63 1 -.009341145771920143
70 1 3.1567936247831705
72 1 .053293743506655306
74 1 .01149061501171657
