%%MatrixMarket matrix coordinate real general
62 1 24
1 1 -2.2775436266543876
2 1 .5229195051312525
3 1 .01226989853996709
4 1 .03968699909717309
5 1 .03105366936677867
6 1 -.0616476026501901
7 1 .024985284082554536
8 1 -.20520079897165422
9 1 -.004408893648325482
10 1 -.007146094304395166
11 1 -.001916418617617665
12 1 .019829626607486946
13 1 -.02911281171555473
14 1 .04965528464955956
17 1 3.459487452889961
21 1 -.03458223815266342
27 1 -.01756775098493555
31 1 -.6148579956152989
32 1 -3.847306007065405
33 1 -.2592099782527314
35 1 -.0002887275735963345
37 1 -.0323550639751277
38 1 .07069087262712957
52 1 -.003601694679979979
