%%MatrixMarket matrix coordinate real general
62 1 19
1 1 -4.553234010706389
2 1 .54079469192552
3 1 .0270710659147576
4 1 .09020139158229966
7 1 -.001446256326492267
8 1 -.1340388733344611
9 1 -.0037359257336349377
10 1 .1339034288156366
11 1 .00220521831531084
12 1 -.004355065789689435
13 1 .032886642952547826
14 1 -.03027412936698616
17 1 3.451326594875825
31 1 -.9644784112195678
32 1 -1.0338372906391573
33 1 -.14631483206075568
38 1 .0004855052459930528
56 1 -.020004103255659735
62 1 -.006330805888771857
