%%MatrixMarket matrix coordinate real general
58 1 33
1 1 1.8074752144050121
2 1 .669905481954927
3 1 -.004624311290385641
4 1 -.0052003416816103
5 1 .004827441571741691
7 1 .0030436597480974826
9 1 -.004775629045204116
10 1 .09555686700860948
11 1 -.0014305011576260331
12 1 -.02382750768531495
13 1 .02704341084588044
14 1 -.07911774314655443
17 1 .027405295224722216
19 1 -.0951958035429652
21 1 -.021326506542387068
22 1 -.39382925899341503
23 1 -.05981044133789382
26 1 -.06492437312826292
28 1 -.022534098258159253
31 1 .054266972290287194
32 1 .16000185404318265
33 1 -.221874897883237
34 1 .06780921872680343
35 1 -.05630218294960008
36 1 .06062120847833349
37 1 -.6813494958439587
38 1 -4.011123299370447
39 1 -.4399687830113289
40 1 -3.821290579922732
42 1 .2095492602162139
55 1 -1.589535038344518
56 1 -1.2555957698514215
58 1 -.011911869390226364
