%%MatrixMarket matrix coordinate real general
58 1 28
1 1 1.4683720576244408
2 1 .5075696553147335
3 1 -.005829292795720311
4 1 -.004039044531083944
5 1 .011317322365655982
6 1 -.005230455839675537
7 1 .013244018246255132
8 1 -.012205981120397141
10 1 .01302815849081892
11 1 .009223199933758388
12 1 -.02419815281929063
13 1 .04986136367694639
14 1 -.0997513672328807
16 1 -.002930025685856329
19 1 -.042389742324259114
21 1 -.04405396058628612
26 1 -.2176408819977567
30 1 .002901805350610346
31 1 .007099116896873022
33 1 -.08776531373235492
35 1 -.04372592074433254
37 1 -.001617402696443733
38 1 -5.113394409579607
39 1 -.6433333590757481
40 1 -3.291032872959437
42 1 .19569210597899991
50 1 .18943313965373806
54 1 -6.677011455382344e-05
