%%MatrixMarket matrix coordinate real general
58 1 26
1 1 1.7169307254972255
2 1 .5406809186110928
3 1 -.021376929722699813
4 1 -.0037630992240534748
5 1 .01147759055916946
7 1 .0018396431539132389
8 1 9.021958630218432e-05
10 1 .0012462486306139909
12 1 -.0009664501220236643
13 1 .04023571086343863
14 1 -.052718545186263684
19 1 -.09360190613093218
21 1 -.021553190794870163
22 1 -.07639609588155691
23 1 -.0338312750245926
31 1 .028580406554797985
33 1 -.2202952658375435
35 1 -.07726628524662617
37 1 -.035519098728438024
38 1 -6.068181219092219
39 1 -.22354875788913864
40 1 -2.555662107348057
42 1 .2054103188860377
55 1 -.112373814627272
56 1 -.07661181070665352
58 1 -.2639742047691402
