%%MatrixMarket matrix coordinate real general
58 1 27
1 1 .8248390635252596
2 1 .34781439635902983
3 1 -.02601671583536454
4 1 .04662822479418584
5 1 .00032249093568778597
6 1 -.0012662788332704037
7 1 .005090436319805165
8 1 -.014248976173285488
9 1 -.0014179510145833141
10 1 -.09322209145379821
11 1 .0005178122529463898
12 1 .031288109973470035
13 1 .025570175318945898
14 1 -.12212144116165784
16 1 -.002359433585470709
17 1 .5829525929787001
19 1 -.0071919664597302506
21 1 -.02118951822783303
26 1 -.02174396460458954
30 1 .0023560663778978215
31 1 .0116769802905822
33 1 -.052948890526089754
35 1 -.05285678876363059
38 1 -5.257811869789209
39 1 -.30464862602096543
40 1 -2.7079107038499983
42 1 .1031809398039713
