%%MatrixMarket matrix coordinate real general
58 1 29
1 1 -.5949027657930319
2 1 .5696118632437005
3 1 -.04376591850750696
4 1 -.010564195656960958
5 1 .0028333300634441555
8 1 -.021765292040906447
9 1 -.0043925693461462694
10 1 .08625777635815803
11 1 .033658847984173935
12 1 .039039797656834935
13 1 .007897178264901696
14 1 -.08719287527242031
17 1 .03658682227328745
19 1 -.023731047116662934
21 1 -.01646874206981323
22 1 -.11409371146203523
23 1 -.015398604318536445
26 1 -.08746960412857761
28 1 -.03041222508722339
33 1 -.1141943184719125
35 1 -.06066817761713077
37 1 -.5403874775931629
38 1 -3.200349347063801
39 1 -.4353354556008228
40 1 -2.412131259115525
42 1 .19382644544348493
50 1 .6389252229093666
55 1 -1.7905746986636206
56 1 -1.281867856951207
