%%MatrixMarket matrix coordinate real general
58 1 38
1 1 2.312092323712724
2 1 .3939497682136437
3 1 -.08514087824044749
5 1 .012931228011204284
7 1 .012782516496138877
8 1 .002121859580116213
9 1 -.007258312234984481
10 1 .028836227726904126
11 1 -.04249994630736845
12 1 .054790009025499714
13 1 .042989780686253254
14 1 -.0033280007013349365
16 1 -.021064002444647727
17 1 1.1246428046371386
19 1 -.1442499636250657
21 1 -.07771008776370149
22 1 -.584645735452608
23 1 -.11060055704943836
26 1 -.14088237538411694
27 1 .17409814050261638
28 1 .00034061390076661616
30 1 .02102019141900687
31 1 .14362323997063178
33 1 -.35114912623879574
34 1 -.005499119521947725
35 1 -.1834469061397053
36 1 -.006351279280855051
37 1 -1.222634232087631
38 1 -4.254386672403342
39 1 -.6646173693657186
40 1 -2.8579632302111055
42 1 .45444990599910623
46 1 .1794156753035827
50 1 .31930813855227597
54 1 -.014955612755766276
55 1 -.6438974879407832
56 1 -.7461520297921175
58 1 -5.160726849885488
