%%MatrixMarket matrix coordinate real general
58 1 33
1 1 .8520578737903204
2 1 .5258998137426811
3 1 -.05157653049624075
4 1 -.015073824341640141
6 1 -.009370606113028732
7 1 -.013897197399832424
8 1 -.00392618316660775
9 1 -.0009614288544704825
10 1 .000840742817931001
11 1 .002432835215605136
12 1 .05104451178324103
13 1 .023497645824278802
14 1 -.006448960285530164
17 1 1.6484219930182504
19 1 -.04404882933456061
21 1 -.0003420357343721238
22 1 -.43363163443750297
23 1 -.11198300770202527
28 1 -.025809281848699375
31 1 .11029654444501812
32 1 .04657195813965911
33 1 -.15862286950927057
34 1 .01485687116471182
35 1 -.042101508681465484
36 1 .012602778955473806
37 1 -1.6461288103783271
38 1 -2.89004557553928
39 1 -.12469956598146388
40 1 -3.1368006379745763
42 1 .15025425862403605
55 1 -.9750964063007008
56 1 -.852598650385315
58 1 -.12371097415181574
