%%MatrixMarket matrix coordinate real general
65 1 34
1 1 1.8488418507434714
2 1 .624439676131697
3 1 .00018313874092751794
4 1 -.0058761084748982775
5 1 .006091520153012215
6 1 -.012816993625887048
8 1 -.030056712374078243
10 1 .09972147746079976
11 1 -.018762087073199058
12 1 .05865759341311945
13 1 -.003367445215578903
14 1 -.23251698513388555
16 1 .014892269039036829
17 1 .4929439829835335
20 1 .06544897892637551
21 1 -.004503103611471822
22 1 .04820899810501758
23 1 -.018075080097081083
27 1 -.07643004535828255
30 1 -.014870695841575741
31 1 -.4102321794503924
32 1 -4.231909679952672
33 1 -3.0290231550112403
34 1 -2.002255704845319
36 1 .042341858128361096
40 1 -.0009358282855313849
44 1 .6580838499023139
47 1 .004770724102929854
48 1 .6970322865192058
49 1 .06172392838787619
50 1 1.8502742034479736
51 1 -1.6281596751392151
55 1 -.06459243828976846
64 1 .8860516425177605
