%%MatrixMarket matrix coordinate real general
65 1 39
1 1 -.6924289538944004
2 1 .5141867388860242
3 1 .07181079973628549
4 1 .005895236683575145
5 1 .003332928180975388
7 1 .0014439615489447127
8 1 3.6124014770718565e-05
9 1 -.011847941477846798
10 1 .035106645168804365
11 1 -6.031722826647846e-07
12 1 .1751273860048265
14 1 -.0818496647314572
16 1 -.010041527049110465
17 1 2.369253263836431
20 1 .09569988622283568
21 1 -.1274417547132707
22 1 -.0003492470673644203
23 1 -.002763286156391074
26 1 .1671063355144426
27 1 -.11502239410364341
29 1 .009977131910484254
30 1 .010040549324366979
31 1 -4.690898772415861
32 1 -3.1434168877789435
33 1 .6855139761530011
34 1 .16169380103815206
36 1 .24686662779614674
40 1 .024020607604391758
42 1 -.4381533438187077
44 1 4.970438921593553
47 1 .12961983304318955
48 1 1.4208651624945858
49 1 .172812460393732
50 1 .2277946122670497
51 1 -2.231652231817256
52 1 -.04258774157953179
55 1 -.21886523502941946
56 1 1.322603401342413
63 1 -.07765356600099388
