%%MatrixMarket matrix coordinate real general
65 1 31
1 1 -1.2046517739954625
2 1 .7432852086001687
3 1 .005658821572942923
4 1 .07917563182587291
5 1 .01645550395468988
6 1 -.005124447815187175
7 1 -.0014779421798109748
8 1 -.03628779589714734
9 1 -.010973073862879105
10 1 .1120806162631418
11 1 -.045544461755260425
12 1 -.03623539675546058
13 1 .0015064266114499989
14 1 -.017909422949051512
16 1 .005785265884579394
17 1 1.65435809186565
20 1 .05210738035867209
21 1 -.0342095260805669
22 1 .04520704103347273
23 1 -.004040651176480192
27 1 -.07730393373451092
29 1 .014902950989377894
30 1 -.0057540195002611615
31 1 -3.8899267389770262
32 1 -2.7397578885087235
34 1 -.027541045839340226
36 1 .1378493393440034
42 1 -.21438185236731055
47 1 .034745566153978655
49 1 .1001485610948859
51 1 -.16072711243541513
