%%MatrixMarket matrix coordinate real general
69 1 40
1 1 6.521778243681417
2 1 .5336737893915027
3 1 -.010434270907003794
4 1 .15447977540199456
5 1 .0009146856162949011
6 1 -.025512691843975862
7 1 -.04843189872476288
8 1 -.09772303951554268
9 1 -.021005375136511836
10 1 .07291309297139184
11 1 .1273933691283411
12 1 .09473995290045596
13 1 .2086798397373267
14 1 -.2065456885486221
16 1 .06279647914051924
21 1 -.19830865706793527
23 1 -.0008754537221900452
25 1 -.0012454698523951758
27 1 -.3009154259302
28 1 -.38168994930288885
29 1 .009261586911773092
30 1 -.06296880687011879
31 1 -3.0835366674800424
32 1 -2.488497738731444
33 1 -.7256262689379018
35 1 .1073758559899921
36 1 -1.668246546738864
37 1 -5.559561162265336
39 1 .06104526441083603
41 1 -.001892911785637916
45 1 .1941469904076517
49 1 -.13046249813145122
54 1 1.787850700129788
57 1 .8491736707786742
58 1 -.03563897990154906
59 1 .32353754789133005
60 1 1.2432400418702374
63 1 .18816184754279525
66 1 -.0027440757442143368
67 1 -.26389591774775223
