%%MatrixMarket matrix coordinate real general
69 1 47
1 1 6.726429697571365
2 1 .48180597487553944
3 1 -.0026070438493231425
4 1 .18089736116684568
5 1 -.0050919365511288535
6 1 .011200584816054545
7 1 -.017901467941661458
8 1 -.05337571998856779
10 1 .15356388156128792
11 1 .22399327328657892
12 1 -.0455051729370786
13 1 .09204169980907995
14 1 -.12661539016148138
16 1 .05896294681105169
18 1 1.4930329897980885
19 1 .49204324649350073
20 1 -.8850585250356036
21 1 -.3482600342643927
23 1 -.002147624805115397
25 1 -.27808396657694434
27 1 -.28221472847805845
29 1 .022080856619595343
30 1 -.058806873811908626
31 1 -2.7975554949032464
32 1 -2.338590519925514
33 1 -2.144129980625458
35 1 -5.152190836729861
36 1 -1.1720583109906866
37 1 -.8016086223099919
38 1 .06648092136874116
41 1 -.02986041515124321
42 1 -1.7514380564694974
43 1 -1.3958728948113006
44 1 -1.3115011584014038
45 1 .34327978561773537
48 1 -.23090331676262427
49 1 -.306652961380287
50 1 1.1182026853634754
51 1 .8624148582209725
52 1 .7564225729715123
54 1 .9750979178327501
55 1 .7347768796784812
59 1 3.634796188511558
60 1 2.081431762397436
61 1 -.03233281665914549
66 1 -.03569309563398936
68 1 -.25969954646071003
