%%MatrixMarket matrix coordinate real general
69 1 26
1 1 2.077238865700747
2 1 .4262535071560301
4 1 .16608357008786134
5 1 .028438295644723277
7 1 -.0010581393952401876
8 1 -.08119718613489263
9 1 -.004336285848214329
10 1 -.029419541780905528
11 1 .09908323888798812
12 1 .09274800271763288
13 1 .0645910508443108
14 1 -.029570776885372557
16 1 .07946292546489843
19 1 .1275024865734411
21 1 -.033255475807561205
25 1 -.1529241869821913
27 1 -.4258100780375366
30 1 -.07902211463856562
33 1 -3.882998149175043
36 1 -1.496444704495602
37 1 -3.3782752820283988
45 1 .03380334678295132
57 1 1.1797961421064467
59 1 2.6318063318040386
60 1 .4057964958077407
67 1 -.026102281844619404
