%%MatrixMarket matrix coordinate real general
69 1 29
1 1 .5423666189629568
2 1 .5492168848389538
4 1 .0870496463551008
5 1 3.596239720964687e-05
6 1 .055501878689207494
8 1 -.027886343401567436
9 1 -.004695211383878997
10 1 .05776067371629617
11 1 .013262414217267768
12 1 .10090482970499019
13 1 .014397394612685325
14 1 -.009608571679957998
19 1 .06774983813939944
21 1 -.08405217435212381
23 1 -.029991516596252144
27 1 -.21355529321710312
29 1 .008983099697869739
31 1 -.9436843230688056
32 1 -.794211049826547
33 1 -3.619395845387444
35 1 -.9377024081974613
36 1 -1.0506050029882215
37 1 -.0224235461317803
39 1 .048499281367357
45 1 .08214377640823264
49 1 .029830254837763207
60 1 .37400163187673446
61 1 -.000983421766818756
66 1 .01643536607790609
