%%MatrixMarket matrix coordinate real general
69 1 49
1 1 4.650338966433675
2 1 .3887860898604979
3 1 -.03365162843414142
4 1 .05460404166135648
5 1 .020280631897911287
6 1 -.014960852394224546
7 1 .003893479880209921
8 1 -.09336000512703711
9 1 -.027189386766156117
10 1 .03305600547219176
11 1 .10235809230579367
12 1 .012827249550840705
13 1 -.019475045490959644
14 1 -.17947248890169334
16 1 .17133507853349472
17 1 .009394734424029721
19 1 .18915723746081517
20 1 -.2704900876246602
21 1 -.191918679663917
23 1 -.10512493061816028
25 1 -.03150262931532297
26 1 .038293817920527815
27 1 -.09692316309259716
28 1 -.6189329713233202
29 1 .06085906147644076
30 1 -.1708773424462216
31 1 -.009232187723115211
32 1 -.009015653388708678
33 1 -2.222387529666651
35 1 -1.5361106422588393
36 1 -1.338653712218251
37 1 -5.17645473351604
39 1 .25370508981686823
45 1 .18866732832085675
48 1 -.05058348694324753
49 1 -.13196167812250126
50 1 .21031815187204453
51 1 .16794942987843597
52 1 .13410727859770993
54 1 2.202678630346516
55 1 2.8329387753550255
57 1 .3985288083456314
59 1 2.962494767666451
60 1 1.2394345881210234
61 1 -.09408589690606162
64 1 .20738006544575996
66 1 -.007719474186062473
67 1 -1.0605828340807657
68 1 -.17269930785509152
