%%MatrixMarket matrix coordinate real general
69 1 30
1 1 2.0610418126475896
2 1 .4431250151327693
4 1 .04317309782343702
5 1 .049378766193972946
6 1 -.039626598018431165
8 1 -.14264263535261706
9 1 -.03737535840150225
10 1 .013499935608446744
12 1 .06594371567141535
13 1 .025620956717065387
14 1 -.1901269092850337
16 1 .04278252302539389
17 1 .3302247961665972
23 1 -.028757581447143597
27 1 -.15951215193778231
28 1 -.02403090040518337
30 1 -.0425813944667518
31 1 -.26225514544769246
32 1 -.2682573994480468
33 1 -.06944468139894826
34 1 -1.1247758871667481
35 1 .05158672414662601
36 1 -1.340045989037818
37 1 -5.84234986057368
39 1 .16512788297560965
49 1 -.02290294304817886
57 1 3.142182374534721
60 1 .0006790763084699175
66 1 .1721278868435739
67 1 -.9544344111021542
