%%MatrixMarket matrix coordinate real general
69 1 29
1 1 3.8950834030508865
2 1 .5279519707824042
3 1 .0016822039159265652
4 1 .23162258039414965
5 1 .021382310223200824
6 1 -.07420568538721829
7 1 -.004862438271449927
8 1 -.08198610010532555
9 1 -3.538252581152439e-07
10 1 .07754635987757887
12 1 .13022204045123684
13 1 .09556190525125187
14 1 -.12586483411914418
21 1 -.10023001064367627
27 1 -.36868786871588477
31 1 -3.1477438904503106
32 1 -3.2197698974123266
33 1 -.529123927629195
36 1 -1.1463060814284667
37 1 -3.4312701500410427
38 1 .003046082792282902
39 1 3.066295605317121e-05
40 1 -.0968650644635771
45 1 .09893895391595936
49 1 -.03434514767344908
57 1 1.8564530628864426
60 1 .8429367880762877
63 1 2.1902581658309552
66 1 .3782583819418597
