%%MatrixMarket matrix coordinate real general
69 1 39
1 1 7.863948048083603
2 1 .4095291444621031
3 1 -.028389095146160826
4 1 .1176733214980377
5 1 .00020212908917809362
6 1 -.05453082983844686
8 1 -.11097560626741826
9 1 -.05100994849791203
10 1 .11430540532495728
11 1 .02123676791139773
12 1 .1415272774962976
13 1 .029770047485645348
14 1 -.3474821628906673
16 1 .0035316155645842705
19 1 -.0014785947838050467
21 1 -.2529513394768457
23 1 -.15417326947426208
25 1 -.5220351219747933
27 1 -.2388729545679396
28 1 -.12138619118987098
29 1 .10954571965445144
30 1 -.0035142655775111716
31 1 -3.5079771760003395
32 1 -3.6110380951190404
33 1 -.31282855715718905
35 1 -1.3246985840729222
36 1 -1.2833701103209696
37 1 -4.183129743506402
38 1 .09159406683391884
39 1 .4137031830065403
45 1 .2465902382403561
47 1 .01740383758398838
49 1 -.14636956800772347
57 1 1.060739238525726
59 1 1.541655127019285
60 1 1.9337479179083121
61 1 -.019506319365605287
63 1 1.5440946046929533
66 1 -.06290326797926575
