%%MatrixMarket matrix coordinate real general
69 1 34
1 1 2.7427271035178755
2 1 .42202875471898793
3 1 -7.438791578823526e-05
4 1 .0979404496965772
5 1 .02643641380651848
6 1 -.04066466063512128
8 1 -.14122608511989754
9 1 -.01213160539423809
10 1 .09400554341118218
11 1 .13334294954152828
12 1 .04289963452684488
13 1 .14489793115824925
14 1 -.17394937801276514
16 1 .06324494060200567
17 1 .16303187367375804
21 1 -.0004016121957077356
25 1 -.6175518059238202
27 1 -.3121498375481234
28 1 -.10653696777966548
30 1 -.06272639865548144
31 1 -.14810726782032116
32 1 -.13343572342047103
34 1 -.3466243192389589
35 1 -.6713639990057823
36 1 -1.700209006809573
37 1 -6.1924233163105855
41 1 -.0005794537394214554
45 1 .0004225358763527664
49 1 -.23732061664122944
57 1 .8982564372494375
59 1 2.4238605557889374
60 1 .6298528092305299
66 1 -.03580975099575872
67 1 -.05883764233154915
