%%MatrixMarket matrix coordinate real general
55 1 22
1 1 1.697286569644402
2 1 .44817840253332075
3 1 -.0022872547953725294
4 1 .22759280104192306
5 1 -.0001470414146203948
6 1 .015654368695101426
7 1 -.0009030213812644167
8 1 -.041988071891982545
9 1 -.0023310757082549228
10 1 -.029068972280296448
12 1 .18821865287501677
13 1 .046457824888591376
14 1 -.21999871767048235
25 1 -.010618300263115372
27 1 -.16524848100795747
31 1 -4.951598901624643
32 1 -2.913569005302233
33 1 -.14814429672841747
39 1 -.5625326836113921
40 1 -.008106970507671776
47 1 .17046096434133717
55 1 .3578142975552421
