%%MatrixMarket matrix coordinate real general
55 1 19
1 1 2.0225479122152983
2 1 .4297998500307421
4 1 .12128022263795105
5 1 .0009470266937189202
6 1 -.0012259500551954948
8 1 -.023046492303177856
10 1 .02293157071293057
11 1 -1.5569108915490845e-06
12 1 .25915567788624944
14 1 -.22213936702420534
16 1 8.51800142804941e-05
27 1 -.21614276067474913
29 1 -8.507452173000224e-05
30 1 .0004596501564016659
31 1 -5.750175773741768
32 1 -3.231179840236943
33 1 -.12541144076646357
47 1 .2210979290721085
55 1 .4366120321249047
