%%MatrixMarket matrix coordinate real general
55 1 21
1 1 -3.309973518095524
2 1 .6177907790823026
4 1 .2882755732015992
5 1 .0038503047918296914
6 1 .08597765814817211
8 1 -.007287226664947749
10 1 .09514736297261607
12 1 .306982039212574
13 1 .032685301078453355
14 1 -.2932800239485121
16 1 .0033225451140175212
17 1 1.7772465952629553
25 1 -.013122349264960592
27 1 -.08377898135872768
29 1 -.0033472238397304808
30 1 .00022872659851732306
31 1 -1.0699660902660555
32 1 -3.0188036409652677
33 1 -.1825859534017478
47 1 .0011513718520071736
55 1 .17420464946356526
