%%MatrixMarket matrix coordinate real general
55 1 19
1 1 -.6680251474953858
2 1 .6504138207310912
4 1 .3240767416646808
5 1 .009718756853761498
6 1 .03630998885821187
10 1 .07636902389863269
12 1 .1862938298552062
13 1 .011549629049321846
14 1 -.1762014579984224
16 1 .010268851279837505
21 1 -.0024263491351727232
25 1 -.01820969356414864
27 1 -.06103892968087857
29 1 -.010223407852890953
31 1 -4.262832205808037
32 1 -2.4708816566257763
33 1 -.15188681509096505
47 1 .061879853642158984
55 1 .15717302187871132
