%%MatrixMarket matrix coordinate real general
76 1 36
1 1 3.301074488053631
2 1 .20201480765377483
3 1 -.0039601724324110615
4 1 .29796827269384574
5 1 -.0024206642819635856
6 1 -.030490341234559366
7 1 -.0014650752049661035
8 1 -.0452992776345386
9 1 .04586618308211216
10 1 .08984189355078917
11 1 -.02016384190700237
12 1 -.05206809181818784
13 1 .007435566696329428
14 1 -.07679639583055004
16 1 -.03872581385022794
19 1 -.0032572990303035097
21 1 -.009281861254644787
25 1 -.02177945911116377
26 1 -.07185397979935135
27 1 -.017166752405030992
30 1 .03855680186010072
31 1 -2.8849265617690087
33 1 -4.120665457018276
34 1 -3.6457797005774486
36 1 .011992981602462758
39 1 .0003052585023384123
52 1 .010285026455680036
54 1 .04841739371988953
55 1 .012049583349989889
60 1 1.232378064132619
62 1 .021756619949437544
67 1 .0582163066212453
69 1 7.370998661209818e-05
72 1 -.3192226130367453
74 1 -1.143079166643668
75 1 -1.0221497178872039
