%%MatrixMarket matrix coordinate real general
76 1 30
1 1 1.1077062265350337
2 1 .42945031370439096
3 1 -.022786663317743594
4 1 .18978599911699448
5 1 -.030270533430766116
6 1 -.07080365631859271
7 1 -.041229635669715964
8 1 -.07001828767136577
9 1 .004191853909693591
10 1 .0490684735800186
12 1 -.06886564710325464
14 1 -.10956819962740721
17 1 .004098574026293868
19 1 -.03170680733037391
21 1 -.0006290002784400854
23 1 .11279428053868852
27 1 -.0014105324058405928
29 1 -.000660609293893974
32 1 -1.3845641790806436
33 1 -3.123034137993833
34 1 -4.204671025479464
36 1 .0009453782809360174
37 1 -.1338411691783228
39 1 -.0060181644049853555
52 1 .0006484780512873313
54 1 .10065008473526299
55 1 .019238379675410765
58 1 2.191049477529567
61 1 -.01684292231123929
67 1 .0010958614179585777
