%%MatrixMarket matrix coordinate real general
76 1 20
1 1 1.6951833674422065
2 1 .1685406910017887
3 1 -.024463366951997023
4 1 .08133901252971802
5 1 -.007951397019248279
6 1 -.002063176508881703
7 1 -.025883697388739847
8 1 -.002165205676824536
9 1 .03941492473886953
10 1 .02631716389688504
12 1 -.1098781746566702
13 1 .03793194452394666
14 1 -.04954928852689831
27 1 -.014689521061338535
29 1 -.028528018216506173
32 1 -1.3110475667845745
33 1 -4.6134277180467755
34 1 -3.1545986361535063
58 1 .5533066687270805
67 1 .00871152042515357
