%%MatrixMarket matrix coordinate real general
76 1 32
1 1 1.9910319287641398
2 1 .22187711261536508
3 1 -.027718406982599832
4 1 .0994975133365672
5 1 -.002452304035715938
6 1 -.04367805240263035
7 1 -.01326959096888279
8 1 -.06546760823196532
9 1 .06562599625642052
10 1 .02028036952014386
11 1 -.002230906007475625
12 1 -.11634712815233368
14 1 -.033400164572669554
16 1 -.01569933137762706
17 1 .7663493613915889
23 1 .07537424263964249
27 1 -.0032209608262907616
29 1 -.01711840698461692
30 1 .015630536248170776
32 1 -2.2416974177826323
33 1 -3.947832071336035
34 1 -2.788551838209931
37 1 -.055303733245130084
40 1 -.0002480549737168966
58 1 2.60910570257073
61 1 -.14588082707962874
64 1 1.8238980610644546
67 1 .0716668802776458
68 1 -.02908392099727868
72 1 -.03199690759363144
74 1 -.9350646753292399
75 1 -.09357849601449422
