%%MatrixMarket matrix coordinate real general
76 1 23
1 1 .5777843496431139
2 1 .24620794012177
3 1 -.0547335782838265
4 1 .20389067765311894
5 1 -.020450178058455948
6 1 -.0072820587543443605
7 1 -.01182291826532059
8 1 -.008262108410184394
9 1 -.0002655350152135214
10 1 .05250712758777959
11 1 -.006117117034531317
12 1 -.026374319475405812
13 1 -.006174922581870765
14 1 -.0970954499988879
19 1 -.0006522957771041023
23 1 .03501188180575481
32 1 -.30200375351217795
33 1 -3.8354177234704383
34 1 -4.311924279851869
37 1 -.030900891417885636
39 1 -.011573880782427376
54 1 .006868442187728161
58 1 1.6737072483419582
