%%MatrixMarket matrix coordinate real general
76 1 30
1 1 3.690761237584021
2 1 .34537361382740667
3 1 .004823812607186048
4 1 .041853981565380054
6 1 -.04089327107285926
7 1 -.001971222567256773
8 1 -.05836810541989832
9 1 .12840361498625724
10 1 .062488290426890726
12 1 -.018686105514185692
13 1 .009980961623289009
14 1 -.036774144992189686
16 1 -.05487265335797448
25 1 -.26303891968372145
26 1 -.09702548053603169
27 1 -.0823870052666487
28 1 -.004820601857985601
29 1 -.07964975863569655
30 1 .05441921061782544
31 1 -3.505863412357948
32 1 -.2061728880416552
33 1 -4.157808241066489
34 1 -2.6059935298086425
39 1 .04402789041754837
65 1 -.0007471906739258266
67 1 .2063666297655248
70 1 -.41601632905468217
72 1 -.6959964766086744
74 1 -1.0574922841316012
75 1 -1.7224416478964057
