%%MatrixMarket matrix coordinate real general
76 1 41
1 1 2.7492420699145743
2 1 .37908492538518423
3 1 -.013121593930054472
4 1 .0024305560068055405
5 1 -.04827894954317023
6 1 -.013959664923180246
7 1 -.0833494900305757
8 1 -.02993104463611485
9 1 .006657456705228455
10 1 .03194537806899603
11 1 .009466336720398696
12 1 -.1260241782286647
13 1 -.028215008198182057
14 1 -.1341145646708368
17 1 .6329322645707736
21 1 .00035512596381917456
23 1 .12136485193424681
27 1 -.008249638506293185
28 1 -.005536880843295308
29 1 -.2169760464346532
31 1 -.005796769179363581
32 1 -1.8248716710505646
33 1 -4.427558812748294
34 1 -3.8377473588259625
37 1 -.1336973014830572
38 1 1.2408195772607051
39 1 .014685750312421485
40 1 -.028683322073506462
52 1 -.0003607781750337369
53 1 .3122535977575249
58 1 3.0383079053292006
59 1 .10238697570565825
61 1 -.2822957957811495
62 1 -.00801926165338246
64 1 2.7344568467476065
67 1 .07001616975746702
68 1 -.024659099498805192
69 1 .04779992306948038
71 1 -.2011119933744233
72 1 -.873962743752358
74 1 -.3151744291917403
