%%MatrixMarket matrix coordinate real general
62 1 36
1 1 .5640195272574378
2 1 .47794071612955485
3 1 -.08720557599887471
4 1 -.027024517517860704
5 1 -.012773655374896655
6 1 -.12028971524887963
7 1 -.04308209396308875
8 1 -.19298310591910622
9 1 -.004910754754084138
10 1 .026209168224783076
12 1 .11204051691234194
13 1 -.058440793673884925
14 1 -.0026042551411435974
16 1 -.01228843389779098
17 1 1.360791618427123
19 1 -.12369269024981147
20 1 .08369298177753083
21 1 -.05977054957074514
22 1 .04069592083416952
23 1 -.023469247042634676
27 1 .07113234939718317
29 1 .09458320097230699
30 1 -.012222513011125022
31 1 -3.175548466489128
32 1 -2.1051162458497625
33 1 -1.6602180577010772
34 1 -.8836765099547284
36 1 -.05763187122637733
42 1 .12450455683232256
44 1 1.932077202574025
47 1 .06072304783659503
51 1 -.10171821690420235
54 1 .10403647428579339
56 1 -.0442928231310828
57 1 .0763082299501525
61 1 .044777959343741826
