%%MatrixMarket matrix coordinate real general
62 1 26
1 1 3.4886249305076067
2 1 .343508249817388
4 1 .061053930169613156
5 1 -.003021524602348391
6 1 -.014587843233456277
8 1 -.025779808709525464
9 1 -.019431686905856616
10 1 .06470778835215842
11 1 -.028245971134220428
12 1 -.022712575987432176
14 1 -.1249007793659123
21 1 -.0019282754766997137
22 1 .010852820259995451
23 1 -.0012557725683752078
27 1 .010336243835553897
29 1 .01202199932763705
31 1 -4.427254917685079
33 1 -3.5779902974982907
34 1 -3.632706244742892
36 1 -.008327482814599855
38 1 .001804190554830706
44 1 .8396057292613622
47 1 .0020146225767907495
49 1 .30154911182710475
51 1 -.009322895989157138
61 1 .9966690894969968
