%%MatrixMarket matrix coordinate real general
62 1 35
1 1 1.8815648052288108
2 1 .5295673362545946
3 1 -.06479362766430478
4 1 -.05308942036208393
5 1 -.008900480154372932
6 1 -.1058851593716229
7 1 -.0757929446318938
8 1 -.1769787439185192
9 1 -.12713805331076228
10 1 .06267557502481812
11 1 -.028541887923319072
12 1 .06946955061881577
13 1 -.015042922973157387
14 1 -.14590626329434295
17 1 .3268914305715337
19 1 -.13175547140390065
21 1 -.1464338351681141
22 1 .03509324208962351
23 1 -.09931445951904988
27 1 .10939721231465048
29 1 .19227527445902862
31 1 -3.690534879298547
32 1 -.8382666933150661
33 1 -2.6522885740287117
34 1 -2.0789330590990147
36 1 -.10317724439357219
37 1 1.8072294369485156
38 1 .003547115032070776
40 1 .0688308537791124
42 1 .13196230137185713
44 1 .1615355648216932
47 1 .14582419914814282
51 1 -.13290372663057318
54 1 .1866130970532262
57 1 .08594180259011251
