%%MatrixMarket matrix coordinate real general
62 1 31
1 1 1.5220764062627277
2 1 .42617762539214493
3 1 -.030029904621189533
4 1 .11214783292159813
6 1 -.021970551901654308
8 1 -.052490595053547896
9 1 -.04631894065935589
10 1 .011298288092698007
11 1 -.005797069071032509
12 1 .05317060981375525
13 1 1.5434896046166432e-05
14 1 -.10390964886471903
17 1 .11958752066598631
19 1 -.005778262559637337
21 1 -.01638869844836892
22 1 .001414067167493295
23 1 -.03526554723596644
27 1 .004792910427966985
29 1 .05182394724176789
31 1 -2.858314211406351
32 1 -1.402099590422677
33 1 -2.701697169552034
34 1 -1.9833558395141495
36 1 -.001118045972956822
37 1 .19395007225602767
42 1 .006071999291658713
44 1 1.7516459525516452
47 1 .017134009838653475
51 1 -.01965013097923563
54 1 .04061914914860983
61 1 .8787638828982374
