%%MatrixMarket matrix coordinate real general
62 1 30
1 1 .39649242651789596
2 1 .4521108129916227
3 1 -.059191315579730244
4 1 .14494005961305853
5 1 -.05970769292469658
6 1 -.048755979053992454
7 1 -.09559798808289584
8 1 -.0688310298353273
9 1 -.038962535451505846
10 1 .11408801526829553
11 1 -.00023201122957144355
12 1 .12075365676227384
13 1 -.04341400504588134
14 1 -.12419995943383123
17 1 .11811617530472276
19 1 -.06106377368877992
20 1 .004302172774471545
21 1 -.016113417009220463
22 1 .006545785819947649
29 1 .05030907940303309
31 1 -3.509664281101129
32 1 -.11406156033376987
33 1 -1.6591639319281588
34 1 -2.476099505339422
40 1 .02404243761281677
42 1 .06272319828344582
44 1 1.7593240705198772
47 1 .01762095199515178
51 1 -.002079296961522426
54 1 .015906630820233178
