%%MatrixMarket matrix coordinate real general
62 1 32
1 1 1.2905697520864345
2 1 .48804631035297247
3 1 -.018511763391401054
4 1 -.02791314142700205
5 1 -.0010971616687222873
6 1 -.0377469166734141
7 1 -.004432488312477174
8 1 -.07283538372878469
9 1 -.017315394186387403
10 1 -.003184223003837849
11 1 -.025380366302569554
12 1 .047892247697332656
14 1 -.12251835814174904
17 1 .4290326172191659
19 1 -.01582389124626571
21 1 -.0029011559189700315
23 1 -.060895742477179264
27 1 .04578990701625773
29 1 .07467542498624041
31 1 -.011195644666498368
32 1 -3.0317559765394564
33 1 -2.772406615250861
34 1 -2.5871680171249842
36 1 -.03621163128672079
37 1 .41436148315570875
40 1 .0007150986330009688
42 1 .017073010137075996
44 1 .10583246258250294
47 1 .0038609612620372517
51 1 -.04348271828298447
54 1 .10387764399702232
57 1 .11597295901672175
