%%MatrixMarket matrix coordinate real general
62 1 29
1 1 2.0250668548264716
2 1 .3709113904049645
3 1 -.02760800762685794
4 1 .07493851231146616
5 1 -.026143569567662128
6 1 -.05995797026866768
7 1 -.031810283630624166
8 1 -.09529327378302208
9 1 -.0006684582410142409
10 1 .1158472889859902
12 1 .0434748776768403
13 1 -.041680532681302424
14 1 -.009195331504799299
17 1 .06703042463975428
19 1 -.027405655451689517
20 1 .08178469885694778
21 1 -.037221807639781314
22 1 .050981263973997805
27 1 .0008305529831243842
31 1 -4.890404339205692
32 1 -.02574360220493158
33 1 -3.4482996600210063
34 1 -1.9429564862236575
36 1 -.0002647563412318419
42 1 .027278700077180324
44 1 1.6284331296646246
47 1 .03619262257098765
51 1 -.008414444241984356
61 1 .08939149417189543
