%%MatrixMarket matrix coordinate real general
72 1 36
1 1 -.9291015944385874
2 1 .6378919459005005
3 1 -.035927997534721076
4 1 .07592956786638332
5 1 -.0027349211617285893
6 1 -.018275113271921734
7 1 -.0023124979096229765
8 1 -.1378064256494781
9 1 -.020418847787077598
10 1 .05127059369872966
11 1 .024901449334945935
12 1 .09665919783256892
13 1 -.0064694724286116735
14 1 .016153675531350047
16 1 .045922703589425094
17 1 1.687477979938942
21 1 -.024470407589995236
22 1 .003130397218866648
28 1 .04554807443012914
31 1 .03772603808397611
32 1 -.9883012186063098
33 1 -1.7179774980934213
34 1 -2.300259743195591
35 1 -1.2433206711514375
37 1 .024728710440758125
41 1 .2326515065779835
42 1 -.040343145230441274
52 1 -1.2057452875953456
60 1 -.10948424023744797
61 1 -.010075306478463773
65 1 -.018182341640761494
66 1 -2.339133851891434
69 1 -.49161571616952593
70 1 .005024054715029729
71 1 -.06617144009757134
72 1 -.022424534122020962
