%%MatrixMarket matrix coordinate real general
72 1 27
1 1 1.2341940526889967
2 1 .7160216855802165
3 1 -.003230770575022092
4 1 -.057781898421349155
6 1 -.026027524851635994
7 1 -.0020000843331924828
8 1 -.15433825400692722
9 1 -.015738196711263745
10 1 .060175109559436196
11 1 .040608642422788645
12 1 -.021332103867713895
14 1 -.12192961207416063
17 1 .7999040490627123
21 1 -.09059058010718944
22 1 .03217230885653531
26 1 .0036714856031470305
31 1 -.7186032828054819
32 1 -.03538249595544171
33 1 -3.211776937717909
34 1 -2.9031818221883707
35 1 -1.2540082460275417
37 1 .0690678141394847
41 1 .12462469086094023
42 1 -.002430845106756647
63 1 -1.6607915064084358
69 1 -.05205520924030481
71 1 -.08245896093012534
