%%MatrixMarket matrix coordinate real general
72 1 28
1 1 2.163467851109103
2 1 .8049137315208756
3 1 -.001107355031248418
4 1 -.0254066306615833
5 1 -.03186947666788168
6 1 -.06005401920259013
7 1 -.0031313040636002576
8 1 -.1476360734488117
9 1 -.03231159411287397
10 1 .088789104334702
11 1 .05290425667995505
12 1 -.10526335751907152
14 1 -.07657247496169539
17 1 .003562106654206891
21 1 -.08681776845109829
22 1 .0012402782128756765
30 1 .0018270038221443903
31 1 -.6831316304862319
33 1 -1.5807375161540524
34 1 -5.502233533742578
35 1 -1.5506249835344388
37 1 .06930297026887779
41 1 .07464338991991493
61 1 -.033570952559280394
64 1 -.001594883790354481
67 1 .9224342406959343
69 1 -.5712663317175503
70 1 -.013778390796882048
