%%MatrixMarket matrix coordinate real general
72 1 21
1 1 -.027995320130535184
2 1 .6105463749254944
4 1 -.001400949343510776
8 1 -.022956850853734168
9 1 -.028009659411467446
10 1 .06746619142301626
13 1 -.011470728391245884
14 1 -.05007406275620742
16 1 .0006991019651288446
17 1 .005312013764707285
21 1 -.011382832624944439
28 1 .0006844655008685332
31 1 -.6921290211940394
32 1 -.00048433252730764847
33 1 -2.4483850685601207
34 1 -2.9593712862570625
35 1 -.9102864353558798
37 1 .0025349746433614945
41 1 .1806166174657239
42 1 -.008833780586940888
71 1 -.0027929241285513315
