%%MatrixMarket matrix coordinate real general
72 1 39
1 1 -.9838608886698887
2 1 .6293557645497891
3 1 -1.0690831298360152e-05
4 1 .166966658067109
5 1 .0044458599286677745
6 1 -.036155537802061925
7 1 -.0010368562362242525
8 1 -.04854866583457914
9 1 -.01696139280578678
10 1 .04999055649045163
11 1 .07526342205147504
12 1 .009934147625726393
13 1 .010333763356215461
14 1 -.057014076819932306
16 1 .020395384954026645
17 1 1.9978463838757399
21 1 -.019768449688055148
22 1 .0052684704032514434
26 1 -.006676141491251361
28 1 .020305327805872474
30 1 .000831918583189051
31 1 .0047146873903433925
32 1 -2.054669440196601
33 1 -1.1436381962823916
34 1 -2.6949979142503104
35 1 -1.076781108139641
37 1 .0199369156470583
41 1 .05082338532809151
42 1 -.0178838134077528
44 1 .0008361427913177558
50 1 .010387598721776558
54 1 .007428624901762864
63 1 -.23191317689854227
64 1 -.0008293449161104051
65 1 -.008174325409855502
67 1 3.2744033076552324
69 1 -.009980187836148673
71 1 -.21289785024821634
72 1 -.033865691453112336
