%%MatrixMarket matrix coordinate real general
72 1 21
1 1 -.7623341239460313
2 1 .7895131900648541
3 1 .007717803399968422
4 1 .09704587586672289
5 1 .008305867007188156
6 1 -.014583307853912921
8 1 -.024180193423971062
10 1 .0989955113873514
11 1 .025808349952822357
12 1 -.09396029252357682
13 1 .00521991401079543
14 1 -.040451173713115685
17 1 1.3971534571641206
26 1 .0019674106914911883
30 1 .001641828152914859
32 1 -.18669443361708626
33 1 -1.4770846020532737
34 1 -4.0778212320465235
35 1 -1.4674046135879146
64 1 -.0014779204622268058
67 1 .25448009441153835
