%%MatrixMarket matrix coordinate real general
72 1 35
1 1 .9365231385485551
2 1 .5202367223594663
3 1 .0031587669997467697
4 1 .019522288546041197
5 1 .033755458034829905
6 1 -.004090249256032083
8 1 -.026270444625515685
9 1 -.015605726058096741
10 1 .054374420286673386
11 1 -.011381226119412603
12 1 .059107754421624255
13 1 -.03856769531593925
14 1 -.13451590202314984
16 1 .1188895277510157
17 1 1.22310140888864
21 1 -.038480448687075335
22 1 .005000388644160014
26 1 -.08497951060793961
28 1 .11823821465594554
31 1 -.09674209139943618
32 1 -1.59673973524083
33 1 -2.5730652966069703
34 1 -2.754457928738635
35 1 -1.5248043110475025
37 1 .03839241137986804
41 1 .3620993890785977
42 1 -.10903559790312087
61 1 .005661349615076186
63 1 -1.2204222245635419
65 1 -.08599100486776584
66 1 -.5294803081894087
67 1 .9075350538011697
69 1 -.6091109027060297
70 1 .0908584610135878
71 1 -.09075825531069694
