%%MatrixMarket matrix coordinate real general
65 1 32
1 1 3.0836618926596175
2 1 .461194999465235
4 1 .06650245092896599
5 1 .0017955207966786366
6 1 -.07029871705683784
7 1 .024265679535579517
8 1 -.1111255178446252
9 1 -.016644834632617483
10 1 .05205247451142344
12 1 .1556541101541121
13 1 -.002553653054928855
14 1 -.06326994993667336
16 1 .07873658044568188
28 1 -.019952975058503426
29 1 -.04959262036711459
30 1 -.07831384760441688
31 1 .08979815915240348
32 1 -4.738391283814383
33 1 .06437896444195905
34 1 .04741680908779021
35 1 -2.4978170787475733
36 1 -.3594092565174793
37 1 -2.7034327585502975
41 1 -.0006177064355766136
42 1 .049008280629792185
45 1 -.11530978082074045
57 1 5.344635533593038
59 1 .49322439564514226
62 1 -.034352059681934416
63 1 .8974619732097494
64 1 -.011764769599250716
65 1 .901770548281844
