%%MatrixMarket matrix coordinate real general
65 1 40
1 1 3.644840540466591
2 1 .5668622860374425
3 1 .003425177690825511
4 1 .0010013312895043834
5 1 -9.04453350020449e-05
6 1 -.020972299829157198
8 1 -.17579247496109765
10 1 -.060799598549375625
11 1 .018765923052760827
12 1 .2696963948428667
13 1 -.00018344765713177138
14 1 -.06789261196019283
16 1 .07776942999021723
17 1 .12404335727347375
19 1 -.08706815924076969
21 1 -.013642226651505402
22 1 -.08338836778542724
23 1 -.010093985761510084
29 1 -.12444772818609304
30 1 -.07729590796129242
31 1 -.853881735474841
32 1 -3.4422276400099263
33 1 -1.9913245563734505
34 1 -.7630149473300167
35 1 -1.1971135958638917
36 1 -.6093771933104731
37 1 -1.551239979227074
39 1 .16701418017118932
41 1 .0014758524321532762
43 1 .003053056638925331
45 1 -.019153773431630283
46 1 .001461039102177228
47 1 -.03041886085962669
49 1 .00851736733999131
51 1 -1.3027645554063445
57 1 8.739508668908558
59 1 .47567698620889587
61 1 -.9472452503179671
63 1 .6531635303719582
65 1 .5412517165166224
