%%MatrixMarket matrix coordinate real general
65 1 19
1 1 -1.1532297410707884
2 1 .46559424752070394
3 1 .018007340685371645
4 1 .18406530566767249
5 1 .0016900192583062567
6 1 -.019065484101393453
7 1 .00206934334306529
8 1 -.029325466269634903
10 1 .026032345877481444
11 1 .06146958144975161
12 1 .19141189307610978
14 1 -.05129213111258245
29 1 -.021874269742124267
31 1 -.7445229108548596
33 1 -.3506675997605697
34 1 -.6363720958854736
35 1 -2.566123054217059
36 1 -.5139513339697635
37 1 -.8884690214024227
