%%MatrixMarket matrix coordinate real general
65 1 26
1 1 .3399381093461491
2 1 .5406657164076293
3 1 .049815770596848795
4 1 .11021947342642238
6 1 -.04361687480392746
8 1 -.10548838434730692
9 1 -.030071139985102028
10 1 .0963177132567987
11 1 -.00037537354663675563
12 1 .043156777543683446
14 1 -.005745726416681279
16 1 .0009802738914809607
17 1 1.0227660723252021
19 1 -.06442368544374474
29 1 -.057351125359993975
30 1 -.000981622970987155
32 1 -.1056200177768363
34 1 -1.5951149850623587
35 1 -2.475306433406828
36 1 -.21089591536557667
37 1 -2.953562685163383
41 1 .04246150079731737
46 1 .0663964564500155
57 1 3.5458659164924504
59 1 .4253737576692647
65 1 .5387779392143561
