%%MatrixMarket matrix coordinate real general
65 1 44
1 1 4.27380258952835
2 1 .39320877765384626
3 1 .049365106029777554
4 1 .08746649736182642
5 1 -.006825343585503524
6 1 -.02261491854277489
7 1 -.007486584861242013
8 1 -.160509251183506
10 1 .026456446268072142
11 1 -.01738973686119351
12 1 .242245660172803
13 1 -.018894031011029103
14 1 .001680554533313764
16 1 .15049979089832086
17 1 .043956075304567785
19 1 -.1778047538601472
21 1 -.037073490523917674
22 1 -.26332078966279665
23 1 -.06769104985067782
25 1 .013488791735754221
28 1 -.0026899292607014324
29 1 -.11483615831362876
30 1 -.14930112719611632
31 1 -.641471726582965
32 1 -3.839074125510666
33 1 -2.143664655619606
34 1 -.1580388349104429
35 1 -1.9185870843648694
36 1 -.12251861727543993
37 1 -1.78408800695284
43 1 .04322679595167952
45 1 -.00896800153990722
46 1 .022465457649018934
47 1 -.07459451724411552
48 1 4.308346572271057
49 1 -.12450630247931675
51 1 -3.5757812078460502
54 1 -.40110532655998354
56 1 -.5649936039830996
57 1 1.2462017250663409
58 1 .09428889572330369
59 1 1.1132572053070346
62 1 -.7651447404004821
65 1 1.3594967099043411
