%%MatrixMarket matrix coordinate real general
66 1 25
1 1 .4611532959048823
2 1 .7354760062534592
3 1 -.009717747383142144
4 1 .15080339250091226
5 1 -.03742453193640949
6 1 .0003185130673209552
7 1 -.012687177120626118
8 1 -.0017413237753629853
9 1 .008106186336636265
10 1 .0615437233906366
11 1 .026227435548246785
12 1 .05819505335661908
14 1 -.0350671335380697
16 1 .006708391594497488
17 1 .1737170004860654
19 1 -.0207147909203881
23 1 -.05593583627945287
30 1 -.0067021520636310885
31 1 -2.631012429763522
32 1 -1.5659162830307685
33 1 -.7280064076716782
34 1 -3.5203331491546628
36 1 .0010223278602792482
47 1 -.005934806558338497
63 1 1.2430470819663986
