%%MatrixMarket matrix coordinate real general
66 1 31
1 1 -.38517897604653584
2 1 .528995267631977
3 1 1.9243099486784156e-05
4 1 .300998170807808
5 1 -.007862729535528693
6 1 -.007511455253300743
7 1 -.007956111883143376
8 1 -.01599062040147195
10 1 .0067529663675954974
11 1 .0029248527107537253
12 1 .2118456598943629
13 1 -.0035348679421243474
14 1 -.157757017714413
16 1 .0890359647340153
17 1 1.1272900637509389
23 1 -.0013432323093989032
28 1 .002643619275251184
29 1 .03493917828791945
30 1 -.0887188244247172
31 1 -2.471913841826495
32 1 -.9058991270867047
33 1 -.9682623348773399
34 1 -2.574319022032258
36 1 -.0007427663732837878
37 1 -.7145582808708734
42 1 -.13149699566914622
46 1 -.02395739761517846
47 1 -.05883186739699923
59 1 4.550044234337371
60 1 -.038487524891866465
62 1 -.36377247351117464
