%%MatrixMarket matrix coordinate real general
66 1 19
1 1 .45795479976205566
2 1 .5499459582373415
4 1 .14075182497530533
5 1 -.04036785683759582
6 1 -.034207474273128056
7 1 -.009905056105435102
8 1 -.034585040976832016
9 1 -.005227239636357977
10 1 .027396516833302544
11 1 -.0015970985763932696
12 1 .10313132781281484
14 1 -.17143704276091068
19 1 -.0054795352486367984
25 1 -.009589327959892657
32 1 -2.0289405827228393
33 1 -2.8968656876965313
34 1 -2.507580925101982
59 1 .4970846475443827
66 1 .1444120081378497
