%%MatrixMarket matrix coordinate real general
66 1 29
1 1 -2.0089256800429256
2 1 .26953656706605206
4 1 .0014306849515405024
5 1 -.02047357099985167
6 1 -.024167977109549897
7 1 .00031475057245403
8 1 -.01716846921894049
9 1 -.11395869451046559
10 1 .0381995288658403
11 1 -.07582886136855088
12 1 .13286840352129262
13 1 -.0319689670234662
14 1 -.08620766073611762
16 1 .025867222562103224
17 1 4.444195759976199
19 1 -.04214502279957371
25 1 -.3442670615671302
28 1 .3088118922959366
29 1 .06439065913962205
30 1 -.025790780675697993
31 1 -.523533181799688
32 1 -2.2417821893439935
33 1 -1.4034250190958892
34 1 -.2961082960222811
37 1 -.04131703550889982
46 1 .03162464111542982
59 1 .7279070151079318
60 1 -.0001575026978954894
66 1 1.792715769748324
