%%MatrixMarket matrix coordinate real general
55 1 21
1 1 .6572588187031316
2 1 .466593009872331
3 1 .06285935909407614
4 1 .10679765924854422
6 1 -.004096461370308377
7 1 -.0025215024536011255
8 1 -.029062456667029293
10 1 .0019046901323745739
12 1 .045164578127098065
13 1 .005049773663708696
26 1 -.023040004624779207
27 1 -.06132374915837269
28 1 .09770138413081372
31 1 -3.3863091425120015
32 1 -.1670231952316383
33 1 -2.7314294267930963
34 1 -1.3125769231608466
37 1 1.7186237357449718
48 1 -.09488131872305712
54 1 -.0371065772698049
55 1 2.221752207611417
