%%MatrixMarket matrix coordinate real general
55 1 33
1 1 2.53117492162323
2 1 .4458553029650178
3 1 .1069921388753947
4 1 .03578919791357973
6 1 -.038485221222940645
7 1 -9.149098741055728e-05
8 1 -.06482280665175921
9 1 -.039188927525279665
10 1 .09197767630657104
11 1 -.00018508676521006168
12 1 .0010694909158185935
13 1 -.02040304710673996
14 1 -.06854579827558568
16 1 -.01683623822631504
24 1 -.03038460163027174
25 1 -.009244084744957568
26 1 -.0973615537868158
29 1 .002005866248027716
30 1 .016740792572433497
31 1 -2.004606867266261
32 1 -.5113220649697639
33 1 -1.9337687193116164
34 1 -4.8351221615219835
35 1 .06239795137762248
36 1 .0617584543036343
37 1 2.078862983941504
38 1 -1.011239007224151
42 1 -.8609443946185177
43 1 -.8864721097595742
46 1 -.6150587543559382
48 1 -.0004251243788046659
49 1 -.03111697097603308
55 1 .5475163104203236
