%%MatrixMarket matrix coordinate real general
55 1 33
1 1 -.402106471861563
2 1 .5109517755206637
3 1 .020761864095198847
4 1 .062187130630030646
5 1 -.010811290448672638
6 1 -.063773780403665
7 1 -.010155224328217997
8 1 -.09899583402214061
9 1 -.0014023353697356752
10 1 .034972040907911395
12 1 -.0018616085353534751
13 1 .0006367549659273652
14 1 .00022959662098556076
16 1 -.07712552369190485
17 1 1.1698872229114363
19 1 .27810262012952314
24 1 -.028106647232335767
25 1 -.04089764048460622
26 1 -.1873598735655247
27 1 -.03835000903820142
28 1 .0073978728512380885
30 1 .07703645589904634
31 1 -2.4426650835290014
32 1 -1.5499856469104207
33 1 -2.3107601188667823
34 1 -.22950085401574555
35 1 .9122921344088439
36 1 .01889757457494939
37 1 3.236991131739314
47 1 -.0062012909922192225
48 1 -.02658201872337775
49 1 -.10195469229984482
55 1 .014576063376799104
