%%MatrixMarket matrix coordinate real general
55 1 33
1 1 .05292860090901108
2 1 .41997019195333574
3 1 -.015732046339777893
4 1 .03182876300072846
5 1 -.02568849482960836
6 1 -.07479048664292222
8 1 -.12801201398782588
9 1 .001807721574409377
10 1 .16355495140626614
11 1 .0007155284075892516
14 1 -.056113001140653526
16 1 -.01186157711652196
17 1 1.6836628354491616
19 1 .6492710287969205
24 1 .020543844283473098
26 1 -.15684536210632488
27 1 -.014327137146560967
28 1 .007242525640983403
29 1 -.058867985276111305
30 1 .011681238063346592
31 1 -2.9059283448740167
32 1 -1.5325467201197283
34 1 -3.41215060751177
35 1 1.640142652827496
36 1 .04074132481455882
37 1 2.724815419392671
42 1 -1.2832152081909898
43 1 -.7194897944495275
45 1 -1.7179054863313805
46 1 -.29796528818138857
47 1 .008389599487708512
48 1 -.0218718153853519
49 1 -.023446427301181266
