%%MatrixMarket matrix coordinate real general
55 1 36
1 1 .805093490573312
2 1 .4866786310765426
3 1 -.012098691057268537
4 1 .09563610269803552
5 1 -.030922305369164148
6 1 -.007482060827287283
7 1 -.1003904164811556
8 1 -.016074634530907683
9 1 -.03078576852157139
11 1 -.01745209268223014
12 1 -.027364616252361838
13 1 .043513725861706314
14 1 -.00698676209625704
16 1 -.04644296133813079
17 1 .9043295970457645
19 1 .23980490554324854
24 1 .05758169838818924
25 1 -.22034040454159154
26 1 -.06592542833246437
27 1 -.18133480812945713
28 1 .1037329558775168
29 1 .04520913149104124
30 1 .04635873781765018
31 1 -3.086861478612659
32 1 -.08987345149212635
33 1 -3.488687353410589
34 1 -1.8486012202036233
35 1 .23814107109124574
36 1 .5540602121918562
37 1 3.046226439652457
43 1 -.5072754361563762
46 1 -.42262601705987063
48 1 -.10271024061888287
49 1 -.0417401718770732
54 1 -.04510042349410201
55 1 3.777538018902242
