%%MatrixMarket matrix coordinate real general
55 1 38
1 1 1.4210969800854718
2 1 .36872661918161254
3 1 .12779810233389682
4 1 .020176447009766008
5 1 .0022896281176089574
6 1 -.07427944018767926
7 1 .03121061761560782
8 1 -.11944704941310214
9 1 -.028454768222564725
10 1 .12844848340270718
11 1 .011242634675538004
12 1 -.10134522100498888
13 1 -.00023752139064619798
14 1 -.017408508830522453
16 1 -.04547639352119028
17 1 .766306535404465
19 1 .2111918628305271
24 1 -.10097256476801024
26 1 -.3091502067463513
27 1 -.08606935420648461
28 1 .007552841386895586
29 1 -.014494179863281638
30 1 .045020512288311124
31 1 -2.007944879313829
32 1 -1.8230024964289657
33 1 -.5852972311582869
34 1 -3.629915188018041
35 1 .9260395738169139
36 1 .05512915015637375
37 1 2.133728676274212
38 1 -.27286903343769886
43 1 -.9567194909183152
46 1 -.6347941457336167
48 1 -.028032414165088632
49 1 -.07085492016449665
50 1 -.44817743403739285
54 1 -.0004112205162023023
55 1 .26456440480185556
